source,target,weight
0,1,86400
0,2,86400
0,3,86400
0,4,86400
0,5,86400
0,6,86400
0,7,86400
0,8,86400
0,9,86400
0,10,86400
0,11,86400
0,12,86400
0,13,86400
0,14,86400
0,15,86400
0,16,86400
0,17,86400
0,18,86400
0,19,86400
0,20,86400
0,21,86400
0,22,86400
0,23,86400
0,24,86400
0,25,86400
0,26,86400
0,27,86400
0,28,86400
0,29,86400
0,30,86400
0,31,86400
0,32,86400
0,33,86400
0,34,86400
0,35,86400
0,36,86400
0,37,86400
0,38,86400
0,39,86400
0,40,86400
0,41,86400
0,42,86400
0,43,86400
0,44,86400
0,45,86400
0,46,86400
0,47,86400
0,48,86400
0,49,86400
1,50,86400
1,51,86400
1,52,86400
1,53,86400
1,54,86400
1,55,86400
1,56,86400
1,57,86400
1,58,86400
1,59,86400
1,60,86400
1,61,86400
1,62,86400
1,63,86400
1,64,86400
1,65,86400
1,66,86400
1,67,86400
1,68,86400
1,69,86400
1,70,86400
1,71,86400
1,72,86400
1,73,86400
1,74,86400
1,75,86400
1,76,86400
1,77,86400
1,78,86400
1,79,86400
1,80,86400
1,81,86400
1,82,86400
1,83,86400
1,84,86400
1,85,86400
1,86,86400
1,87,86400
1,88,86400
1,89,86400
1,90,86400
1,91,86400
1,92,86400
1,93,86400
1,94,86400
1,95,86400
1,96,86400
1,97,86400
1,98,86400
1,99,86400
2,100,86400
2,101,86400
2,102,86400
2,103,86400
2,104,86400
2,105,86400
2,106,86400
2,107,86400
2,108,86400
2,109,86400
2,110,86400
2,111,86400
2,112,86400
2,113,86400
2,114,86400
2,115,86400
2,116,86400
2,117,86400
2,118,86400
2,119,86400
2,120,86400
2,121,86400
2,122,86400
2,123,86400
2,124,86400
2,125,86400
2,126,86400
2,127,86400
2,128,86400
2,129,86400
2,130,86400
2,131,86400
2,132,86400
2,133,86400
2,134,86400
2,135,86400
2,136,86400
2,137,86400
2,138,86400
2,139,86400
2,140,86400
2,141,86400
2,142,86400
2,143,86400
2,144,86400
2,145,86400
2,146,86400
2,147,86400
2,148,86400
2,149,86400
3,150,86400
3,151,86400
3,152,86400
3,153,86400
3,154,86400
3,155,86400
3,156,86400
3,157,86400
3,158,86400
3,159,86400
3,160,86400
3,161,86400
3,162,86400
3,163,86400
3,164,86400
3,165,86400
3,166,86400
3,167,86400
3,168,86400
3,169,86400
3,170,86400
3,171,86400
3,172,86400
3,173,86400
3,174,86400
3,175,86400
3,176,86400
3,177,86400
3,178,86400
3,179,86400
3,180,86400
3,181,86400
3,182,86400
3,183,86400
3,184,86400
3,185,86400
3,186,86400
3,187,86400
3,188,86400
3,189,86400
3,190,86400
3,191,86400
3,192,86400
3,193,86400
3,194,86400
3,195,86400
3,196,86400
3,197,86400
3,198,86400
3,199,86400
4,200,86400
4,201,86400
4,202,86400
4,203,86400
4,204,86400
4,205,86400
4,206,86400
4,207,86400
4,208,86400
4,209,86400
4,210,86400
4,211,86400
4,212,86400
4,213,86400
4,214,86400
4,215,86400
4,216,86400
4,217,86400
4,218,86400
4,219,86400
4,220,86400
4,221,86400
4,222,86400
4,223,86400
4,224,86400
4,225,86400
4,226,86400
4,227,86400
4,228,86400
4,229,86400
4,230,86400
4,231,86400
4,232,86400
4,233,86400
4,234,86400
4,235,86400
4,236,86400
4,237,86400
4,238,86400
4,239,86400
4,240,86400
4,241,86400
4,242,86400
4,243,86400
4,244,86400
4,245,86400
4,246,86400
4,247,86400
4,248,86400
4,249,86400
5,250,86400
5,251,86400
5,252,86400
5,253,86400
5,254,86400
5,255,86400
5,256,86400
5,257,86400
5,258,86400
5,259,86400
5,260,86400
5,261,86400
5,262,86400
5,263,86400
5,264,86400
5,265,86400
5,266,86400
5,267,86400
5,268,86400
5,269,86400
5,270,86400
5,271,86400
5,272,86400
5,273,86400
5,274,86400
5,275,86400
5,276,86400
5,277,86400
5,278,86400
5,279,86400
5,280,86400
5,281,86400
5,282,86400
5,283,86400
5,284,86400
5,285,86400
5,286,86400
5,287,86400
5,288,86400
5,289,86400
5,290,86400
5,291,86400
5,292,86400
5,293,86400
5,294,86400
5,295,86400
5,296,86400
5,297,86400
5,298,86400
5,299,86400
6,300,86400
6,301,86400
6,302,86400
6,303,86400
6,304,86400
6,305,86400
6,306,86400
6,307,86400
6,308,86400
6,309,86400
6,310,86400
6,311,86400
6,312,86400
6,313,86400
6,314,86400
6,315,86400
6,316,86400
6,317,86400
6,318,86400
6,319,86400
6,320,86400
6,321,86400
6,322,86400
6,323,86400
6,324,86400
6,325,86400
6,326,86400
6,327,86400
6,328,86400
6,329,86400
6,330,86400
6,331,86400
6,332,86400
6,333,86400
6,334,86400
6,335,86400
6,336,86400
6,337,86400
6,338,86400
6,339,86400
6,340,86400
6,341,86400
6,342,86400
6,343,86400
6,344,86400
6,345,86400
6,346,86400
6,347,86400
6,348,86400
6,349,86400
7,350,86400
7,351,86400
7,352,86400
7,353,86400
7,354,86400
7,355,86400
7,356,86400
7,357,86400
7,358,86400
7,359,86400
7,360,86400
7,361,86400
7,362,86400
7,363,86400
7,364,86400
7,365,86400
7,366,86400
7,367,86400
7,368,86400
7,369,86400
7,370,86400
7,371,86400
7,372,86400
7,373,86400
7,374,86400
7,375,86400
7,376,86400
7,377,86400
7,378,86400
7,379,86400
7,380,86400
7,381,86400
7,382,86400
7,383,86400
7,384,86400
7,385,86400
7,386,86400
7,387,86400
7,388,86400
7,389,86400
7,390,86400
7,391,86400
7,392,86400
7,393,86400
7,394,86400
7,395,86400
7,396,86400
7,397,86400
7,398,86400
7,399,86400
8,400,86400
8,401,86400
8,402,86400
8,403,86400
8,404,86400
8,405,86400
8,406,86400
8,407,86400
8,408,86400
8,409,86400
8,410,86400
8,411,86400
8,412,86400
8,413,86400
8,414,86400
8,415,86400
8,416,86400
8,417,86400
8,418,86400
8,419,86400
8,420,86400
8,421,86400
8,422,86400
8,423,86400
8,424,86400
8,425,86400
8,426,86400
8,427,86400
8,428,86400
8,429,86400
8,430,86400
8,431,86400
8,432,86400
8,433,86400
8,434,86400
8,435,86400
8,436,86400
8,437,86400
8,438,86400
8,439,86400
8,440,86400
8,441,86400
8,442,86400
8,443,86400
8,444,86400
8,445,86400
8,446,86400
8,447,86400
8,448,86400
8,449,86400
9,450,86400
9,451,86400
9,452,86400
9,453,86400
9,454,86400
9,455,86400
9,456,86400
9,457,86400
9,458,86400
9,459,86400
9,460,86400
9,461,86400
9,462,86400
9,463,86400
9,464,86400
9,465,86400
9,466,86400
9,467,86400
9,468,86400
9,469,86400
9,470,86400
9,471,86400
9,472,86400
9,473,86400
9,474,86400
9,475,86400
9,476,86400
9,477,86400
9,478,86400
9,479,86400
9,480,86400
9,481,86400
9,482,86400
9,483,86400
9,484,86400
9,485,86400
9,486,86400
9,487,86400
9,488,86400
9,489,86400
9,490,86400
9,491,86400
9,492,86400
9,493,86400
9,494,86400
9,495,86400
9,496,86400
9,497,86400
9,498,86400
9,499,86400
10,500,86400
10,501,86400
10,502,86400
10,503,86400
10,504,86400
10,505,86400
10,506,86400
10,507,86400
10,508,86400
10,509,86400
10,510,86400
10,511,86400
10,512,86400
10,513,86400
10,514,86400
10,515,86400
10,516,86400
10,517,86400
10,518,86400
10,519,86400
10,520,86400
10,521,86400
10,522,86400
10,523,86400
10,524,86400
10,525,86400
10,526,86400
10,527,86400
10,528,86400
10,529,86400
10,530,86400
10,531,86400
10,532,86400
10,533,86400
10,534,86400
10,535,86400
10,536,86400
10,537,86400
10,538,86400
10,539,86400
10,540,86400
10,541,86400
10,542,86400
10,543,86400
10,544,86400
10,545,86400
10,546,86400
10,547,86400
10,548,86400
10,549,86400
11,550,86400
11,551,86400
11,552,86400
11,553,86400
11,554,86400
11,555,86400
11,556,86400
11,557,86400
11,558,86400
11,559,86400
11,560,86400
11,561,86400
11,562,86400
11,563,86400
11,564,86400
11,565,86400
11,566,86400
11,567,86400
11,568,86400
11,569,86400
11,570,86400
11,571,86400
11,572,86400
11,573,86400
11,574,86400
11,575,86400
11,576,86400
11,577,86400
11,578,86400
11,579,86400
11,580,86400
11,581,86400
11,582,86400
11,583,86400
11,584,86400
11,585,86400
11,586,86400
11,587,86400
11,588,86400
11,589,86400
11,590,86400
11,591,86400
11,592,86400
11,593,86400
11,594,86400
11,595,86400
11,596,86400
11,597,86400
11,598,86400
11,599,86400
12,600,86400
12,601,86400
12,602,86400
12,603,86400
12,604,86400
12,605,86400
12,606,86400
12,607,86400
12,608,86400
12,609,86400
12,610,86400
12,611,86400
12,612,86400
12,613,86400
12,614,86400
12,615,86400
12,616,86400
12,617,86400
12,618,86400
12,619,86400
12,620,86400
12,621,86400
12,622,86400
12,623,86400
12,624,86400
12,625,86400
12,626,86400
12,627,86400
12,628,86400
12,629,86400
12,630,86400
12,631,86400
12,632,86400
12,633,86400
12,634,86400
12,635,86400
12,636,86400
12,637,86400
12,638,86400
12,639,86400
12,640,86400
12,641,86400
12,642,86400
12,643,86400
12,644,86400
12,645,86400
12,646,86400
12,647,86400
12,648,86400
12,649,86400
13,650,86400
13,651,86400
13,652,86400
13,653,86400
13,654,86400
13,655,86400
13,656,86400
13,657,86400
13,658,86400
13,659,86400
13,660,86400
13,661,86400
13,662,86400
13,663,86400
13,664,86400
13,665,86400
13,666,86400
13,667,86400
13,668,86400
13,669,86400
13,670,86400
13,671,86400
13,672,86400
13,673,86400
13,674,86400
13,675,86400
13,676,86400
13,677,86400
13,678,86400
13,679,86400
13,680,86400
13,681,86400
13,682,86400
13,683,86400
13,684,86400
13,685,86400
13,686,86400
13,687,86400
13,688,86400
13,689,86400
13,690,86400
13,691,86400
13,692,86400
13,693,86400
13,694,86400
13,695,86400
13,696,86400
13,697,86400
13,698,86400
13,699,86400
14,700,86400
14,701,86400
14,702,86400
14,703,86400
14,704,86400
14,705,86400
14,706,86400
14,707,86400
14,708,86400
14,709,86400
14,710,86400
14,711,86400
14,712,86400
14,713,86400
14,714,86400
14,715,86400
14,716,86400
14,717,86400
14,718,86400
14,719,86400
14,720,86400
14,721,86400
14,722,86400
14,723,86400
14,724,86400
14,725,86400
14,726,86400
14,727,86400
14,728,86400
14,729,86400
14,730,86400
14,731,86400
14,732,86400
14,733,86400
14,734,86400
14,735,86400
14,736,86400
14,737,86400
14,738,86400
14,739,86400
14,740,86400
14,741,86400
14,742,86400
14,743,86400
14,744,86400
14,745,86400
14,746,86400
14,747,86400
14,748,86400
14,749,86400
15,750,86400
15,751,86400
15,752,86400
15,753,86400
15,754,86400
15,755,86400
15,756,86400
15,757,86400
15,758,86400
15,759,86400
15,760,86400
15,761,86400
15,762,86400
15,763,86400
15,764,86400
15,765,86400
15,766,86400
15,767,86400
15,768,86400
15,769,86400
15,770,86400
15,771,86400
15,772,86400
15,773,86400
15,774,86400
15,775,86400
15,776,86400
15,777,86400
15,778,86400
15,779,86400
15,780,86400
15,781,86400
15,782,86400
15,783,86400
15,784,86400
15,785,86400
15,786,86400
15,787,86400
15,788,86400
15,789,86400
15,790,86400
15,791,86400
15,792,86400
15,793,86400
15,794,86400
15,795,86400
15,796,86400
15,797,86400
15,798,86400
15,799,86400
16,800,86400
16,801,86400
16,802,86400
16,803,86400
16,804,86400
16,805,86400
16,806,86400
16,807,86400
16,808,86400
16,809,86400
16,810,86400
16,811,86400
16,812,86400
16,813,86400
16,814,86400
16,815,86400
16,816,86400
16,817,86400
16,818,86400
16,819,86400
16,820,86400
16,821,86400
16,822,86400
16,823,86400
16,824,86400
16,825,86400
16,826,86400
16,827,86400
16,828,86400
16,829,86400
16,830,86400
16,831,86400
16,832,86400
16,833,86400
16,834,86400
16,835,86400
16,836,86400
16,837,86400
16,838,86400
16,839,86400
16,840,86400
16,841,86400
16,842,86400
16,843,86400
16,844,86400
16,845,86400
16,846,86400
16,847,86400
16,848,86400
16,849,86400
17,850,86400
17,851,86400
17,852,86400
17,853,86400
17,854,86400
17,855,86400
17,856,86400
17,857,86400
17,858,86400
17,859,86400
17,860,86400
17,861,86400
17,862,86400
17,863,86400
17,864,86400
17,865,86400
17,866,86400
17,867,86400
17,868,86400
17,869,86400
17,870,86400
17,871,86400
17,872,86400
17,873,86400
17,874,86400
17,875,86400
17,876,86400
17,877,86400
17,878,86400
17,879,86400
17,880,86400
17,881,86400
17,882,86400
17,883,86400
17,884,86400
17,885,86400
17,886,86400
17,887,86400
17,888,86400
17,889,86400
17,890,86400
17,891,86400
17,892,86400
17,893,86400
17,894,86400
17,895,86400
17,896,86400
17,897,86400
17,898,86400
17,899,86400
18,900,86400
18,901,86400
18,902,86400
18,903,86400
18,904,86400
18,905,86400
18,906,86400
18,907,86400
18,908,86400
18,909,86400
18,910,86400
18,911,86400
18,912,86400
18,913,86400
18,914,86400
18,915,86400
18,916,86400
18,917,86400
18,918,86400
18,919,86400
18,920,86400
18,921,86400
18,922,86400
18,923,86400
18,924,86400
18,925,86400
18,926,86400
18,927,86400
18,928,86400
18,929,86400
18,930,86400
18,931,86400
18,932,86400
18,933,86400
18,934,86400
18,935,86400
18,936,86400
18,937,86400
18,938,86400
18,939,86400
18,940,86400
18,941,86400
18,942,86400
18,943,86400
18,944,86400
18,945,86400
18,946,86400
18,947,86400
18,948,86400
18,949,86400
19,950,86400
19,951,86400
19,952,86400
19,953,86400
19,954,86400
19,955,86400
19,956,86400
19,957,86400
19,958,86400
19,959,86400
19,960,86400
19,961,86400
19,962,86400
19,963,86400
19,964,86400
19,965,86400
19,966,86400
19,967,86400
19,968,86400
19,969,86400
19,970,86400
19,971,86400
19,972,86400
19,973,86400
19,974,86400
19,975,86400
19,976,86400
19,977,86400
19,978,86400
19,979,86400
19,980,86400
19,981,86400
19,982,86400
19,983,86400
19,984,86400
19,985,86400
19,986,86400
19,987,86400
19,988,86400
19,989,86400
19,990,86400
19,991,86400
19,992,86400
19,993,86400
19,994,86400
19,995,86400
19,996,86400
19,997,86400
19,998,86400
19,999,86400
20,1000,86400
20,1001,86400
20,1002,86400
20,1003,86400
20,1004,86400
20,1005,86400
20,1006,86400
20,1007,86400
20,1008,86400
20,1009,86400
20,1010,86400
20,1011,86400
20,1012,86400
20,1013,86400
20,1014,86400
20,1015,86400
20,1016,86400
20,1017,86400
20,1018,86400
20,1019,86400
20,1020,86400
20,1021,86400
20,1022,86400
20,1023,86400
20,1024,86400
20,1025,86400
20,1026,86400
20,1027,86400
20,1028,86400
20,1029,86400
20,1030,86400
20,1031,86400
20,1032,86400
20,1033,86400
20,1034,86400
20,1035,86400
20,1036,86400
20,1037,86400
20,1038,86400
20,1039,86400
20,1040,86400
20,1041,86400
20,1042,86400
20,1043,86400
20,1044,86400
20,1045,86400
20,1046,86400
20,1047,86400
20,1048,86400
20,1049,86400
21,1050,86400
21,1051,86400
21,1052,86400
21,1053,86400
21,1054,86400
21,1055,86400
21,1056,86400
21,1057,86400
21,1058,86400
21,1059,86400
21,1060,86400
21,1061,86400
21,1062,86400
21,1063,86400
21,1064,86400
21,1065,86400
21,1066,86400
21,1067,86400
21,1068,86400
21,1069,86400
21,1070,86400
21,1071,86400
21,1072,86400
21,1073,86400
21,1074,86400
21,1075,86400
21,1076,86400
21,1077,86400
21,1078,86400
21,1079,86400
21,1080,86400
21,1081,86400
21,1082,86400
21,1083,86400
21,1084,86400
21,1085,86400
21,1086,86400
21,1087,86400
21,1088,86400
21,1089,86400
21,1090,86400
21,1091,86400
21,1092,86400
21,1093,86400
21,1094,86400
21,1095,86400
21,1096,86400
21,1097,86400
21,1098,86400
21,1099,86400
22,1100,86400
22,1101,86400
22,1102,86400
22,1103,86400
22,1104,86400
22,1105,86400
22,1106,86400
22,1107,86400
22,1108,86400
22,1109,86400
22,1110,86400
22,1111,86400
22,1112,86400
22,1113,86400
22,1114,86400
22,1115,86400
22,1116,86400
22,1117,86400
22,1118,86400
22,1119,86400
22,1120,86400
22,1121,86400
22,1122,86400
22,1123,86400
22,1124,86400
22,1125,86400
22,1126,86400
22,1127,86400
22,1128,86400
22,1129,86400
22,1130,86400
22,1131,86400
22,1132,86400
22,1133,86400
22,1134,86400
22,1135,86400
22,1136,86400
22,1137,86400
22,1138,86400
22,1139,86400
22,1140,86400
22,1141,86400
22,1142,86400
22,1143,86400
22,1144,86400
22,1145,86400
22,1146,86400
22,1147,86400
22,1148,86400
22,1149,86400
23,1150,86400
23,1151,86400
23,1152,86400
23,1153,86400
23,1154,86400
23,1155,86400
23,1156,86400
23,1157,86400
23,1158,86400
23,1159,86400
23,1160,86400
23,1161,86400
23,1162,86400
23,1163,86400
23,1164,86400
23,1165,86400
23,1166,86400
23,1167,86400
23,1168,86400
23,1169,86400
23,1170,86400
23,1171,86400
23,1172,86400
23,1173,86400
23,1174,86400
23,1175,86400
23,1176,86400
23,1177,86400
23,1178,86400
23,1179,86400
23,1180,86400
23,1181,86400
23,1182,86400
23,1183,86400
23,1184,86400
23,1185,86400
23,1186,86400
23,1187,86400
23,1188,86400
23,1189,86400
23,1190,86400
23,1191,86400
23,1192,86400
23,1193,86400
23,1194,86400
23,1195,86400
23,1196,86400
23,1197,86400
23,1198,86400
23,1199,86400
24,1200,86400
24,1201,86400
24,1202,86400
24,1203,86400
24,1204,86400
24,1205,86400
24,1206,86400
24,1207,86400
24,1208,86400
24,1209,86400
24,1210,86400
24,1211,86400
24,1212,86400
24,1213,86400
24,1214,86400
24,1215,86400
24,1216,86400
24,1217,86400
24,1218,86400
24,1219,86400
24,1220,86400
24,1221,86400
24,1222,86400
24,1223,86400
24,1224,86400
24,1225,86400
24,1226,86400
24,1227,86400
24,1228,86400
24,1229,86400
24,1230,86400
24,1231,86400
24,1232,86400
24,1233,86400
24,1234,86400
24,1235,86400
24,1236,86400
24,1237,86400
24,1238,86400
24,1239,86400
24,1240,86400
24,1241,86400
24,1242,86400
24,1243,86400
24,1244,86400
24,1245,86400
24,1246,86400
24,1247,86400
24,1248,86400
24,1249,86400
25,1250,86400
25,1251,86400
25,1252,86400
25,1253,86400
25,1254,86400
25,1255,86400
25,1256,86400
25,1257,86400
25,1258,86400
25,1259,86400
25,1260,86400
25,1261,86400
25,1262,86400
25,1263,86400
25,1264,86400
25,1265,86400
25,1266,86400
25,1267,86400
25,1268,86400
25,1269,86400
25,1270,86400
25,1271,86400
25,1272,86400
25,1273,86400
25,1274,86400
25,1275,86400
25,1276,86400
25,1277,86400
25,1278,86400
25,1279,86400
25,1280,86400
25,1281,86400
25,1282,86400
25,1283,86400
25,1284,86400
25,1285,86400
25,1286,86400
25,1287,86400
25,1288,86400
25,1289,86400
25,1290,86400
25,1291,86400
25,1292,86400
25,1293,86400
25,1294,86400
25,1295,86400
25,1296,86400
25,1297,86400
25,1298,86400
25,1299,86400
26,1300,86400
26,1301,86400
26,1302,86400
26,1303,86400
26,1304,86400
26,1305,86400
26,1306,86400
26,1307,86400
26,1308,86400
26,1309,86400
26,1310,86400
26,1311,86400
26,1312,86400
26,1313,86400
26,1314,86400
26,1315,86400
26,1316,86400
26,1317,86400
26,1318,86400
26,1319,86400
26,1320,86400
26,1321,86400
26,1322,86400
26,1323,86400
26,1324,86400
26,1325,86400
26,1326,86400
26,1327,86400
26,1328,86400
26,1329,86400
26,1330,86400
26,1331,86400
26,1332,86400
26,1333,86400
26,1334,86400
26,1335,86400
26,1336,86400
26,1337,86400
26,1338,86400
26,1339,86400
26,1340,86400
26,1341,86400
26,1342,86400
26,1343,86400
26,1344,86400
26,1345,86400
26,1346,86400
26,1347,86400
26,1348,86400
26,1349,86400
27,1350,86400
27,1351,86400
27,1352,86400
27,1353,86400
27,1354,86400
27,1355,86400
27,1356,86400
27,1357,86400
27,1358,86400
27,1359,86400
27,1360,86400
27,1361,86400
27,1362,86400
27,1363,86400
27,1364,86400
27,1365,86400
27,1366,86400
27,1367,86400
27,1368,86400
27,1369,86400
27,1370,86400
27,1371,86400
27,1372,86400
27,1373,86400
27,1374,86400
27,1375,86400
27,1376,86400
27,1377,86400
27,1378,86400
27,1379,86400
27,1380,86400
27,1381,86400
27,1382,86400
27,1383,86400
27,1384,86400
27,1385,86400
27,1386,86400
27,1387,86400
27,1388,86400
27,1389,86400
27,1390,86400
27,1391,86400
27,1392,86400
27,1393,86400
27,1394,86400
27,1395,86400
27,1396,86400
27,1397,86400
27,1398,86400
27,1399,86400
28,1400,86400
28,1401,86400
28,1402,86400
28,1403,86400
28,1404,86400
28,1405,86400
28,1406,86400
28,1407,86400
28,1408,86400
28,1409,86400
28,1410,86400
28,1411,86400
28,1412,86400
28,1413,86400
28,1414,86400
28,1415,86400
28,1416,86400
28,1417,86400
28,1418,86400
28,1419,86400
28,1420,86400
28,1421,86400
28,1422,86400
28,1423,86400
28,1424,86400
28,1425,86400
28,1426,86400
28,1427,86400
28,1428,86400
28,1429,86400
28,1430,86400
28,1431,86400
28,1432,86400
28,1433,86400
28,1434,86400
28,1435,86400
28,1436,86400
28,1437,86400
28,1438,86400
28,1439,86400
28,1440,86400
28,1441,86400
28,1442,86400
28,1443,86400
28,1444,86400
28,1445,86400
28,1446,86400
28,1447,86400
28,1448,86400
28,1449,86400
29,1450,86400
29,1451,86400
29,1452,86400
29,1453,86400
29,1454,86400
29,1455,86400
29,1456,86400
29,1457,86400
29,1458,86400
29,1459,86400
29,1460,86400
29,1461,86400
29,1462,86400
29,1463,86400
29,1464,86400
29,1465,86400
29,1466,86400
29,1467,86400
29,1468,86400
29,1469,86400
29,1470,86400
29,1471,86400
29,1472,86400
29,1473,86400
29,1474,86400
29,1475,86400
29,1476,86400
29,1477,86400
29,1478,86400
29,1479,86400
29,1480,86400
29,1481,86400
29,1482,86400
29,1483,86400
29,1484,86400
29,1485,86400
29,1486,86400
29,1487,86400
29,1488,86400
29,1489,86400
29,1490,86400
29,1491,86400
29,1492,86400
29,1493,86400
29,1494,86400
29,1495,86400
29,1496,86400
29,1497,86400
29,1498,86400
29,1499,86400
30,1500,86400
30,1501,86400
30,1502,86400
30,1503,86400
30,1504,86400
30,1505,86400
30,1506,86400
30,1507,86400
30,1508,86400
30,1509,86400
30,1510,86400
30,1511,86400
30,1512,86400
30,1513,86400
30,1514,86400
30,1515,86400
30,1516,86400
30,1517,86400
30,1518,86400
30,1519,86400
30,1520,86400
30,1521,86400
30,1522,86400
30,1523,86400
30,1524,86400
30,1525,86400
30,1526,86400
30,1527,86400
30,1528,86400
30,1529,86400
30,1530,86400
30,1531,86400
30,1532,86400
30,1533,86400
30,1534,86400
30,1535,86400
30,1536,86400
30,1537,86400
30,1538,86400
30,1539,86400
30,1540,86400
30,1541,86400
30,1542,86400
30,1543,86400
30,1544,86400
30,1545,86400
30,1546,86400
30,1547,86400
30,1548,86400
30,1549,86400
31,1550,86400
31,1551,86400
31,1552,86400
31,1553,86400
31,1554,86400
31,1555,86400
31,1556,86400
31,1557,86400
31,1558,86400
31,1559,86400
31,1560,86400
31,1561,86400
31,1562,86400
31,1563,86400
31,1564,86400
31,1565,86400
31,1566,86400
31,1567,86400
31,1568,86400
31,1569,86400
31,1570,86400
31,1571,86400
31,1572,86400
31,1573,86400
31,1574,86400
31,1575,86400
31,1576,86400
31,1577,86400
31,1578,86400
31,1579,86400
31,1580,86400
31,1581,86400
31,1582,86400
31,1583,86400
31,1584,86400
31,1585,86400
31,1586,86400
31,1587,86400
31,1588,86400
31,1589,86400
31,1590,86400
31,1591,86400
31,1592,86400
31,1593,86400
31,1594,86400
31,1595,86400
31,1596,86400
31,1597,86400
31,1598,86400
31,1599,86400
32,1600,86400
32,1601,86400
32,1602,86400
32,1603,86400
32,1604,86400
32,1605,86400
32,1606,86400
32,1607,86400
32,1608,86400
32,1609,86400
32,1610,86400
32,1611,86400
32,1612,86400
32,1613,86400
32,1614,86400
32,1615,86400
32,1616,86400
32,1617,86400
32,1618,86400
32,1619,86400
32,1620,86400
32,1621,86400
32,1622,86400
32,1623,86400
32,1624,86400
32,1625,86400
32,1626,86400
32,1627,86400
32,1628,86400
32,1629,86400
32,1630,86400
32,1631,86400
32,1632,86400
32,1633,86400
32,1634,86400
32,1635,86400
32,1636,86400
32,1637,86400
32,1638,86400
32,1639,86400
32,1640,86400
32,1641,86400
32,1642,86400
32,1643,86400
32,1644,86400
32,1645,86400
32,1646,86400
32,1647,86400
32,1648,86400
32,1649,86400
33,1650,86400
33,1651,86400
33,1652,86400
33,1653,86400
33,1654,86400
33,1655,86400
33,1656,86400
33,1657,86400
33,1658,86400
33,1659,86400
33,1660,86400
33,1661,86400
33,1662,86400
33,1663,86400
33,1664,86400
33,1665,86400
33,1666,86400
33,1667,86400
33,1668,86400
33,1669,86400
33,1670,86400
33,1671,86400
33,1672,86400
33,1673,86400
33,1674,86400
33,1675,86400
33,1676,86400
33,1677,86400
33,1678,86400
33,1679,86400
33,1680,86400
33,1681,86400
33,1682,86400
33,1683,86400
33,1684,86400
33,1685,86400
33,1686,86400
33,1687,86400
33,1688,86400
33,1689,86400
33,1690,86400
33,1691,86400
33,1692,86400
33,1693,86400
33,1694,86400
33,1695,86400
33,1696,86400
33,1697,86400
33,1698,86400
33,1699,86400
34,1700,86400
34,1701,86400
34,1702,86400
34,1703,86400
34,1704,86400
34,1705,86400
34,1706,86400
34,1707,86400
34,1708,86400
34,1709,86400
34,1710,86400
34,1711,86400
34,1712,86400
34,1713,86400
34,1714,86400
34,1715,86400
34,1716,86400
34,1717,86400
34,1718,86400
34,1719,86400
34,1720,86400
34,1721,86400
34,1722,86400
34,1723,86400
34,1724,86400
34,1725,86400
34,1726,86400
34,1727,86400
34,1728,86400
34,1729,86400
34,1730,86400
34,1731,86400
34,1732,86400
34,1733,86400
34,1734,86400
34,1735,86400
34,1736,86400
34,1737,86400
34,1738,86400
34,1739,86400
34,1740,86400
34,1741,86400
34,1742,86400
34,1743,86400
34,1744,86400
34,1745,86400
34,1746,86400
34,1747,86400
34,1748,86400
34,1749,86400
35,1750,86400
35,1751,86400
35,1752,86400
35,1753,86400
35,1754,86400
35,1755,86400
35,1756,86400
35,1757,86400
35,1758,86400
35,1759,86400
35,1760,86400
35,1761,86400
35,1762,86400
35,1763,86400
35,1764,86400
35,1765,86400
35,1766,86400
35,1767,86400
35,1768,86400
35,1769,86400
35,1770,86400
35,1771,86400
35,1772,86400
35,1773,86400
35,1774,86400
35,1775,86400
35,1776,86400
35,1777,86400
35,1778,86400
35,1779,86400
35,1780,86400
35,1781,86400
35,1782,86400
35,1783,86400
35,1784,86400
35,1785,86400
35,1786,86400
35,1787,86400
35,1788,86400
35,1789,86400
35,1790,86400
35,1791,86400
35,1792,86400
35,1793,86400
35,1794,86400
35,1795,86400
35,1796,86400
35,1797,86400
35,1798,86400
35,1799,86400
36,1800,86400
36,1801,86400
36,1802,86400
36,1803,86400
36,1804,86400
36,1805,86400
36,1806,86400
36,1807,86400
36,1808,86400
36,1809,86400
36,1810,86400
36,1811,86400
36,1812,86400
36,1813,86400
36,1814,86400
36,1815,86400
36,1816,86400
36,1817,86400
36,1818,86400
36,1819,86400
36,1820,86400
36,1821,86400
36,1822,86400
36,1823,86400
36,1824,86400
36,1825,86400
36,1826,86400
36,1827,86400
36,1828,86400
36,1829,86400
36,1830,86400
36,1831,86400
36,1832,86400
36,1833,86400
36,1834,86400
36,1835,86400
36,1836,86400
36,1837,86400
36,1838,86400
36,1839,86400
36,1840,86400
36,1841,86400
36,1842,86400
36,1843,86400
36,1844,86400
36,1845,86400
36,1846,86400
36,1847,86400
36,1848,86400
36,1849,86400
37,1850,86400
37,1851,86400
37,1852,86400
37,1853,86400
37,1854,86400
37,1855,86400
37,1856,86400
37,1857,86400
37,1858,86400
37,1859,86400
37,1860,86400
37,1861,86400
37,1862,86400
37,1863,86400
37,1864,86400
37,1865,86400
37,1866,86400
37,1867,86400
37,1868,86400
37,1869,86400
37,1870,86400
37,1871,86400
37,1872,86400
37,1873,86400
37,1874,86400
37,1875,86400
37,1876,86400
37,1877,86400
37,1878,86400
37,1879,86400
37,1880,86400
37,1881,86400
37,1882,86400
37,1883,86400
37,1884,86400
37,1885,86400
37,1886,86400
37,1887,86400
37,1888,86400
37,1889,86400
37,1890,86400
37,1891,86400
37,1892,86400
37,1893,86400
37,1894,86400
37,1895,86400
37,1896,86400
37,1897,86400
37,1898,86400
37,1899,86400
38,1900,86400
38,1901,86400
38,1902,86400
38,1903,86400
38,1904,86400
38,1905,86400
38,1906,86400
38,1907,86400
38,1908,86400
38,1909,86400
38,1910,86400
38,1911,86400
38,1912,86400
38,1913,86400
38,1914,86400
38,1915,86400
38,1916,86400
38,1917,86400
38,1918,86400
38,1919,86400
38,1920,86400
38,1921,86400
38,1922,86400
38,1923,86400
38,1924,86400
38,1925,86400
38,1926,86400
38,1927,86400
38,1928,86400
38,1929,86400
38,1930,86400
38,1931,86400
38,1932,86400
38,1933,86400
38,1934,86400
38,1935,86400
38,1936,86400
38,1937,86400
38,1938,86400
38,1939,86400
38,1940,86400
38,1941,86400
38,1942,86400
38,1943,86400
38,1944,86400
38,1945,86400
38,1946,86400
38,1947,86400
38,1948,86400
38,1949,86400
39,1950,86400
39,1951,86400
39,1952,86400
39,1953,86400
39,1954,86400
39,1955,86400
39,1956,86400
39,1957,86400
39,1958,86400
39,1959,86400
39,1960,86400
39,1961,86400
39,1962,86400
39,1963,86400
39,1964,86400
39,1965,86400
39,1966,86400
39,1967,86400
39,1968,86400
39,1969,86400
39,1970,86400
39,1971,86400
39,1972,86400
39,1973,86400
39,1974,86400
39,1975,86400
39,1976,86400
39,1977,86400
39,1978,86400
39,1979,86400
39,1980,86400
39,1981,86400
39,1982,86400
39,1983,86400
39,1984,86400
39,1985,86400
39,1986,86400
39,1987,86400
39,1988,86400
39,1989,86400
39,1990,86400
39,1991,86400
39,1992,86400
39,1993,86400
39,1994,86400
39,1995,86400
39,1996,86400
39,1997,86400
39,1998,86400
39,1999,86400
40,2000,86400
40,2001,86400
40,2002,86400
40,2003,86400
40,2004,86400
40,2005,86400
40,2006,86400
40,2007,86400
40,2008,86400
40,2009,86400
40,2010,86400
40,2011,86400
40,2012,86400
40,2013,86400
40,2014,86400
40,2015,86400
40,2016,86400
40,2017,86400
40,2018,86400
40,2019,86400
40,2020,86400
40,2021,86400
40,2022,86400
40,2023,86400
40,2024,86400
40,2025,86400
40,2026,86400
40,2027,86400
40,2028,86400
40,2029,86400
40,2030,86400
40,2031,86400
40,2032,86400
40,2033,86400
40,2034,86400
40,2035,86400
40,2036,86400
40,2037,86400
40,2038,86400
40,2039,86400
40,2040,86400
40,2041,86400
40,2042,86400
40,2043,86400
40,2044,86400
40,2045,86400
40,2046,86400
40,2047,86400
40,2048,86400
40,2049,86400
41,2050,86400
41,2051,86400
41,2052,86400
41,2053,86400
41,2054,86400
41,2055,86400
41,2056,86400
41,2057,86400
41,2058,86400
41,2059,86400
41,2060,86400
41,2061,86400
41,2062,86400
41,2063,86400
41,2064,86400
41,2065,86400
41,2066,86400
41,2067,86400
41,2068,86400
41,2069,86400
41,2070,86400
41,2071,86400
41,2072,86400
41,2073,86400
41,2074,86400
41,2075,86400
41,2076,86400
41,2077,86400
41,2078,86400
41,2079,86400
41,2080,86400
41,2081,86400
41,2082,86400
41,2083,86400
41,2084,86400
41,2085,86400
41,2086,86400
41,2087,86400
41,2088,86400
41,2089,86400
41,2090,86400
41,2091,86400
41,2092,86400
41,2093,86400
41,2094,86400
41,2095,86400
41,2096,86400
41,2097,86400
41,2098,86400
41,2099,86400
42,2100,86400
42,2101,86400
42,2102,86400
42,2103,86400
42,2104,86400
42,2105,86400
42,2106,86400
42,2107,86400
42,2108,86400
42,2109,86400
42,2110,86400
42,2111,86400
42,2112,86400
42,2113,86400
42,2114,86400
42,2115,86400
42,2116,86400
42,2117,86400
42,2118,86400
42,2119,86400
42,2120,86400
42,2121,86400
42,2122,86400
42,2123,86400
42,2124,86400
42,2125,86400
42,2126,86400
42,2127,86400
42,2128,86400
42,2129,86400
42,2130,86400
42,2131,86400
42,2132,86400
42,2133,86400
42,2134,86400
42,2135,86400
42,2136,86400
42,2137,86400
42,2138,86400
42,2139,86400
42,2140,86400
42,2141,86400
42,2142,86400
42,2143,86400
42,2144,86400
42,2145,86400
42,2146,86400
42,2147,86400
42,2148,86400
42,2149,86400
43,2150,86400
43,2151,86400
43,2152,86400
43,2153,86400
43,2154,86400
43,2155,86400
43,2156,86400
43,2157,86400
43,2158,86400
43,2159,86400
43,2160,86400
43,2161,86400
43,2162,86400
43,2163,86400
43,2164,86400
43,2165,86400
43,2166,86400
43,2167,86400
43,2168,86400
43,2169,86400
43,2170,86400
43,2171,86400
43,2172,86400
43,2173,86400
43,2174,86400
43,2175,86400
43,2176,86400
43,2177,86400
43,2178,86400
43,2179,86400
43,2180,86400
43,2181,86400
43,2182,86400
43,2183,86400
43,2184,86400
43,2185,86400
43,2186,86400
43,2187,86400
43,2188,86400
43,2189,86400
43,2190,86400
43,2191,86400
43,2192,86400
43,2193,86400
43,2194,86400
43,2195,86400
43,2196,86400
43,2197,86400
43,2198,86400
43,2199,86400
44,2200,86400
44,2201,86400
44,2202,86400
44,2203,86400
44,2204,86400
44,2205,86400
44,2206,86400
44,2207,86400
44,2208,86400
44,2209,86400
44,2210,86400
44,2211,86400
44,2212,86400
44,2213,86400
44,2214,86400
44,2215,86400
44,2216,86400
44,2217,86400
44,2218,86400
44,2219,86400
44,2220,86400
44,2221,86400
44,2222,86400
44,2223,86400
44,2224,86400
44,2225,86400
44,2226,86400
44,2227,86400
44,2228,86400
44,2229,86400
44,2230,86400
44,2231,86400
44,2232,86400
44,2233,86400
44,2234,86400
44,2235,86400
44,2236,86400
44,2237,86400
44,2238,86400
44,2239,86400
44,2240,86400
44,2241,86400
44,2242,86400
44,2243,86400
44,2244,86400
44,2245,86400
44,2246,86400
44,2247,86400
44,2248,86400
44,2249,86400
45,2250,86400
45,2251,86400
45,2252,86400
45,2253,86400
45,2254,86400
45,2255,86400
45,2256,86400
45,2257,86400
45,2258,86400
45,2259,86400
45,2260,86400
45,2261,86400
45,2262,86400
45,2263,86400
45,2264,86400
45,2265,86400
45,2266,86400
45,2267,86400
45,2268,86400
45,2269,86400
45,2270,86400
45,2271,86400
45,2272,86400
45,2273,86400
45,2274,86400
45,2275,86400
45,2276,86400
45,2277,86400
45,2278,86400
45,2279,86400
45,2280,86400
45,2281,86400
45,2282,86400
45,2283,86400
45,2284,86400
45,2285,86400
45,2286,86400
45,2287,86400
45,2288,86400
45,2289,86400
45,2290,86400
45,2291,86400
45,2292,86400
45,2293,86400
45,2294,86400
45,2295,86400
45,2296,86400
45,2297,86400
45,2298,86400
45,2299,86400
46,2300,86400
46,2301,86400
46,2302,86400
46,2303,86400
46,2304,86400
46,2305,86400
46,2306,86400
46,2307,86400
46,2308,86400
46,2309,86400
46,2310,86400
46,2311,86400
46,2312,86400
46,2313,86400
46,2314,86400
46,2315,86400
46,2316,86400
46,2317,86400
46,2318,86400
46,2319,86400
46,2320,86400
46,2321,86400
46,2322,86400
46,2323,86400
46,2324,86400
46,2325,86400
46,2326,86400
46,2327,86400
46,2328,86400
46,2329,86400
46,2330,86400
46,2331,86400
46,2332,86400
46,2333,86400
46,2334,86400
46,2335,86400
46,2336,86400
46,2337,86400
46,2338,86400
46,2339,86400
46,2340,86400
46,2341,86400
46,2342,86400
46,2343,86400
46,2344,86400
46,2345,86400
46,2346,86400
46,2347,86400
46,2348,86400
46,2349,86400
47,2350,86400
47,2351,86400
47,2352,86400
47,2353,86400
47,2354,86400
47,2355,86400
47,2356,86400
47,2357,86400
47,2358,86400
47,2359,86400
47,2360,86400
47,2361,86400
47,2362,86400
47,2363,86400
47,2364,86400
47,2365,86400
47,2366,86400
47,2367,86400
47,2368,86400
47,2369,86400
47,2370,86400
47,2371,86400
47,2372,86400
47,2373,86400
47,2374,86400
47,2375,86400
47,2376,86400
47,2377,86400
47,2378,86400
47,2379,86400
47,2380,86400
47,2381,86400
47,2382,86400
47,2383,86400
47,2384,86400
47,2385,86400
47,2386,86400
47,2387,86400
47,2388,86400
47,2389,86400
47,2390,86400
47,2391,86400
47,2392,86400
47,2393,86400
47,2394,86400
47,2395,86400
47,2396,86400
47,2397,86400
47,2398,86400
47,2399,86400
48,2400,86400
48,2401,86400
48,2402,86400
48,2403,86400
48,2404,86400
48,2405,86400
48,2406,86400
48,2407,86400
48,2408,86400
48,2409,86400
48,2410,86400
48,2411,86400
48,2412,86400
48,2413,86400
48,2414,86400
48,2415,86400
48,2416,86400
48,2417,86400
48,2418,86400
48,2419,86400
48,2420,86400
48,2421,86400
48,2422,86400
48,2423,86400
48,2424,86400
48,2425,86400
48,2426,86400
48,2427,86400
48,2428,86400
48,2429,86400
48,2430,86400
48,2431,86400
48,2432,86400
48,2433,86400
48,2434,86400
48,2435,86400
48,2436,86400
48,2437,86400
48,2438,86400
48,2439,86400
48,2440,86400
48,2441,86400
48,2442,86400
48,2443,86400
48,2444,86400
48,2445,86400
48,2446,86400
48,2447,86400
48,2448,86400
48,2449,86400
49,2450,86400
49,2451,86400
49,2452,86400
49,2453,86400
49,2454,86400
49,2455,86400
49,2456,86400
49,2457,86400
49,2458,86400
49,2459,86400
49,2460,86400
49,2461,86400
49,2462,86400
49,2463,86400
49,2464,86400
49,2465,86400
49,2466,86400
49,2467,86400
49,2468,86400
49,2469,86400
49,2470,86400
49,2471,86400
49,2472,86400
49,2473,86400
49,2474,86400
49,2475,86400
49,2476,86400
49,2477,86400
49,2478,86400
49,2479,86400
49,2480,86400
49,2481,86400
49,2482,86400
49,2483,86400
49,2484,86400
49,2485,86400
49,2486,86400
49,2487,86400
49,2488,86400
49,2489,86400
49,2490,86400
49,2491,86400
49,2492,86400
49,2493,86400
49,2494,86400
49,2495,86400
49,2496,86400
49,2497,86400
49,2498,86400
49,2499,86400
50,2500,86400
50,2501,86400
50,2502,86400
50,2503,86400
50,2504,86400
50,2505,86400
50,2506,86400
50,2507,86400
50,2508,86400
50,2509,86400
50,2510,86400
50,2511,86400
50,2512,86400
50,2513,86400
50,2514,86400
50,2515,86400
50,2516,86400
50,2517,86400
50,2518,86400
50,2519,86400
50,2520,86400
50,2521,86400
50,2522,86400
50,2523,86400
50,2524,86400
50,2525,86400
50,2526,86400
50,2527,86400
50,2528,86400
50,2529,86400
50,2530,86400
50,2531,86400
50,2532,86400
50,2533,86400
50,2534,86400
50,2535,86400
50,2536,86400
50,2537,86400
50,2538,86400
50,2539,86400
50,2540,86400
50,2541,86400
50,2542,86400
50,2543,86400
50,2544,86400
50,2545,86400
50,2546,86400
50,2547,86400
50,2548,86400
50,2549,86400
