source,target,weight
1,17,5
1,7,5
1,40,5
2,26,5
2,47,5
2,20,5
3,36,5
3,5,5
3,14,5
4,25,5
4,14,5
4,17,5
5,49,5
5,48,5
5,7,5
6,29,5
6,11,5
6,14,5
7,4,5
7,31,5
7,30,5
8,42,5
8,36,5
8,50,5
9,4,5
9,48,5
9,17,5
10,9,5
10,4,5
10,27,5
11,3,5
11,37,5
11,26,5
12,14,5
12,7,5
12,29,5
13,8,5
13,25,5
14,2,5
14,15,5
14,29,5
15,18,5
15,12,5
16,29,5
16,30,5
17,5,5
17,43,5
17,2,5
18,16,5
18,15,5
19,33,5
19,9,5
19,28,5
20,11,5
20,46,5
20,19,5
21,37,5
21,33,5
21,26,5
22,4,5
22,45,5
23,8,5
23,20,5
23,16,5
24,38,5
24,42,5
24,6,5
25,41,5
25,24,5
25,38,5
26,50,5
26,39,5
26,20,5
27,7,5
27,3,5
27,40,5
28,11,5
28,49,5
28,20,5
29,12,5
29,36,5
29,27,5
30,49,5
30,39,5
30,50,5
31,17,5
31,42,5
31,27,5
32,50,5
32,26,5
32,25,5
33,27,5
33,16,5
33,47,5
34,19,5
34,44,5
34,30,5
35,9,5
35,28,5
35,5,5
36,20,5
36,41,5
36,43,5
37,41,5
37,49,5
37,2,5
38,45,5
38,27,5
38,14,5
39,14,5
39,2,5
40,5,5
40,44,5
40,8,5
41,17,5
41,27,5
41,38,5
42,9,5
42,5,5
42,44,5
43,5,5
43,41,5
43,36,5
44,16,5
44,5,5
44,34,5
45,13,5
45,6,5
45,2,5
46,15,5
46,28,5
46,12,5
47,7,5
47,6,5
47,28,5
48,50,5
48,35,5
49,23,5
49,36,5
49,11,5
50,47,5
50,33,5
50,10,5
1,50,10
1,51,10
1,52,10
1,53,10
1,54,10
1,55,10
1,56,10
1,57,10
1,58,10
1,59,10
1,60,10
1,61,10
1,62,10
1,63,10
1,64,10
1,65,10
1,66,10
1,67,10
1,68,10
1,69,10
1,70,10
1,71,10
1,72,10
1,73,10
1,74,10
1,75,10
1,76,10
1,77,10
1,78,10
1,79,10
1,80,10
1,81,10
1,82,10
1,83,10
1,84,10
1,85,10
1,86,10
1,87,10
1,88,10
1,89,10
1,90,10
1,91,10
1,92,10
1,93,10
1,94,10
1,95,10
1,96,10
1,97,10
1,98,10
1,99,10
2,100,10
2,101,10
2,102,10
2,103,10
2,104,10
2,105,10
2,106,10
2,107,10
2,108,10
2,109,10
2,110,10
2,111,10
2,112,10
2,113,10
2,114,10
2,115,10
2,116,10
2,117,10
2,118,10
2,119,10
2,120,10
2,121,10
2,122,10
2,123,10
2,124,10
2,125,10
2,126,10
2,127,10
2,128,10
2,129,10
2,130,10
2,131,10
2,132,10
2,133,10
2,134,10
2,135,10
2,136,10
2,137,10
2,138,10
2,139,10
2,140,10
2,141,10
2,142,10
2,143,10
2,144,10
2,145,10
2,146,10
2,147,10
2,148,10
2,149,10
3,150,10
3,151,10
3,152,10
3,153,10
3,154,10
3,155,10
3,156,10
3,157,10
3,158,10
3,159,10
3,160,10
3,161,10
3,162,10
3,163,10
3,164,10
3,165,10
3,166,10
3,167,10
3,168,10
3,169,10
3,170,10
3,171,10
3,172,10
3,173,10
3,174,10
3,175,10
3,176,10
3,177,10
3,178,10
3,179,10
3,180,10
3,181,10
3,182,10
3,183,10
3,184,10
3,185,10
3,186,10
3,187,10
3,188,10
3,189,10
3,190,10
3,191,10
3,192,10
3,193,10
3,194,10
3,195,10
3,196,10
3,197,10
3,198,10
3,199,10
4,200,10
4,201,10
4,202,10
4,203,10
4,204,10
4,205,10
4,206,10
4,207,10
4,208,10
4,209,10
4,210,10
4,211,10
4,212,10
4,213,10
4,214,10
4,215,10
4,216,10
4,217,10
4,218,10
4,219,10
4,220,10
4,221,10
4,222,10
4,223,10
4,224,10
4,225,10
4,226,10
4,227,10
4,228,10
4,229,10
4,230,10
4,231,10
4,232,10
4,233,10
4,234,10
4,235,10
4,236,10
4,237,10
4,238,10
4,239,10
4,240,10
4,241,10
4,242,10
4,243,10
4,244,10
4,245,10
4,246,10
4,247,10
4,248,10
4,249,10
5,250,10
5,251,10
5,252,10
5,253,10
5,254,10
5,255,10
5,256,10
5,257,10
5,258,10
5,259,10
5,260,10
5,261,10
5,262,10
5,263,10
5,264,10
5,265,10
5,266,10
5,267,10
5,268,10
5,269,10
5,270,10
5,271,10
5,272,10
5,273,10
5,274,10
5,275,10
5,276,10
5,277,10
5,278,10
5,279,10
5,280,10
5,281,10
5,282,10
5,283,10
5,284,10
5,285,10
5,286,10
5,287,10
5,288,10
5,289,10
5,290,10
5,291,10
5,292,10
5,293,10
5,294,10
5,295,10
5,296,10
5,297,10
5,298,10
5,299,10
6,300,10
6,301,10
6,302,10
6,303,10
6,304,10
6,305,10
6,306,10
6,307,10
6,308,10
6,309,10
6,310,10
6,311,10
6,312,10
6,313,10
6,314,10
6,315,10
6,316,10
6,317,10
6,318,10
6,319,10
6,320,10
6,321,10
6,322,10
6,323,10
6,324,10
6,325,10
6,326,10
6,327,10
6,328,10
6,329,10
6,330,10
6,331,10
6,332,10
6,333,10
6,334,10
6,335,10
6,336,10
6,337,10
6,338,10
6,339,10
6,340,10
6,341,10
6,342,10
6,343,10
6,344,10
6,345,10
6,346,10
6,347,10
6,348,10
6,349,10
7,350,10
7,351,10
7,352,10
7,353,10
7,354,10
7,355,10
7,356,10
7,357,10
7,358,10
7,359,10
7,360,10
7,361,10
7,362,10
7,363,10
7,364,10
7,365,10
7,366,10
7,367,10
7,368,10
7,369,10
7,370,10
7,371,10
7,372,10
7,373,10
7,374,10
7,375,10
7,376,10
7,377,10
7,378,10
7,379,10
7,380,10
7,381,10
7,382,10
7,383,10
7,384,10
7,385,10
7,386,10
7,387,10
7,388,10
7,389,10
7,390,10
7,391,10
7,392,10
7,393,10
7,394,10
7,395,10
7,396,10
7,397,10
7,398,10
7,399,10
8,400,10
8,401,10
8,402,10
8,403,10
8,404,10
8,405,10
8,406,10
8,407,10
8,408,10
8,409,10
8,410,10
8,411,10
8,412,10
8,413,10
8,414,10
8,415,10
8,416,10
8,417,10
8,418,10
8,419,10
8,420,10
8,421,10
8,422,10
8,423,10
8,424,10
8,425,10
8,426,10
8,427,10
8,428,10
8,429,10
8,430,10
8,431,10
8,432,10
8,433,10
8,434,10
8,435,10
8,436,10
8,437,10
8,438,10
8,439,10
8,440,10
8,441,10
8,442,10
8,443,10
8,444,10
8,445,10
8,446,10
8,447,10
8,448,10
8,449,10
9,450,10
9,451,10
9,452,10
9,453,10
9,454,10
9,455,10
9,456,10
9,457,10
9,458,10
9,459,10
9,460,10
9,461,10
9,462,10
9,463,10
9,464,10
9,465,10
9,466,10
9,467,10
9,468,10
9,469,10
9,470,10
9,471,10
9,472,10
9,473,10
9,474,10
9,475,10
9,476,10
9,477,10
9,478,10
9,479,10
9,480,10
9,481,10
9,482,10
9,483,10
9,484,10
9,485,10
9,486,10
9,487,10
9,488,10
9,489,10
9,490,10
9,491,10
9,492,10
9,493,10
9,494,10
9,495,10
9,496,10
9,497,10
9,498,10
9,499,10
10,500,10
10,501,10
10,502,10
10,503,10
10,504,10
10,505,10
10,506,10
10,507,10
10,508,10
10,509,10
10,510,10
10,511,10
10,512,10
10,513,10
10,514,10
10,515,10
10,516,10
10,517,10
10,518,10
10,519,10
10,520,10
10,521,10
10,522,10
10,523,10
10,524,10
10,525,10
10,526,10
10,527,10
10,528,10
10,529,10
10,530,10
10,531,10
10,532,10
10,533,10
10,534,10
10,535,10
10,536,10
10,537,10
10,538,10
10,539,10
10,540,10
10,541,10
10,542,10
10,543,10
10,544,10
10,545,10
10,546,10
10,547,10
10,548,10
10,549,10
11,550,10
11,551,10
11,552,10
11,553,10
11,554,10
11,555,10
11,556,10
11,557,10
11,558,10
11,559,10
11,560,10
11,561,10
11,562,10
11,563,10
11,564,10
11,565,10
11,566,10
11,567,10
11,568,10
11,569,10
11,570,10
11,571,10
11,572,10
11,573,10
11,574,10
11,575,10
11,576,10
11,577,10
11,578,10
11,579,10
11,580,10
11,581,10
11,582,10
11,583,10
11,584,10
11,585,10
11,586,10
11,587,10
11,588,10
11,589,10
11,590,10
11,591,10
11,592,10
11,593,10
11,594,10
11,595,10
11,596,10
11,597,10
11,598,10
11,599,10
12,600,10
12,601,10
12,602,10
12,603,10
12,604,10
12,605,10
12,606,10
12,607,10
12,608,10
12,609,10
12,610,10
12,611,10
12,612,10
12,613,10
12,614,10
12,615,10
12,616,10
12,617,10
12,618,10
12,619,10
12,620,10
12,621,10
12,622,10
12,623,10
12,624,10
12,625,10
12,626,10
12,627,10
12,628,10
12,629,10
12,630,10
12,631,10
12,632,10
12,633,10
12,634,10
12,635,10
12,636,10
12,637,10
12,638,10
12,639,10
12,640,10
12,641,10
12,642,10
12,643,10
12,644,10
12,645,10
12,646,10
12,647,10
12,648,10
12,649,10
13,650,10
13,651,10
13,652,10
13,653,10
13,654,10
13,655,10
13,656,10
13,657,10
13,658,10
13,659,10
13,660,10
13,661,10
13,662,10
13,663,10
13,664,10
13,665,10
13,666,10
13,667,10
13,668,10
13,669,10
13,670,10
13,671,10
13,672,10
13,673,10
13,674,10
13,675,10
13,676,10
13,677,10
13,678,10
13,679,10
13,680,10
13,681,10
13,682,10
13,683,10
13,684,10
13,685,10
13,686,10
13,687,10
13,688,10
13,689,10
13,690,10
13,691,10
13,692,10
13,693,10
13,694,10
13,695,10
13,696,10
13,697,10
13,698,10
13,699,10
14,700,10
14,701,10
14,702,10
14,703,10
14,704,10
14,705,10
14,706,10
14,707,10
14,708,10
14,709,10
14,710,10
14,711,10
14,712,10
14,713,10
14,714,10
14,715,10
14,716,10
14,717,10
14,718,10
14,719,10
14,720,10
14,721,10
14,722,10
14,723,10
14,724,10
14,725,10
14,726,10
14,727,10
14,728,10
14,729,10
14,730,10
14,731,10
14,732,10
14,733,10
14,734,10
14,735,10
14,736,10
14,737,10
14,738,10
14,739,10
14,740,10
14,741,10
14,742,10
14,743,10
14,744,10
14,745,10
14,746,10
14,747,10
14,748,10
14,749,10
15,750,10
15,751,10
15,752,10
15,753,10
15,754,10
15,755,10
15,756,10
15,757,10
15,758,10
15,759,10
15,760,10
15,761,10
15,762,10
15,763,10
15,764,10
15,765,10
15,766,10
15,767,10
15,768,10
15,769,10
15,770,10
15,771,10
15,772,10
15,773,10
15,774,10
15,775,10
15,776,10
15,777,10
15,778,10
15,779,10
15,780,10
15,781,10
15,782,10
15,783,10
15,784,10
15,785,10
15,786,10
15,787,10
15,788,10
15,789,10
15,790,10
15,791,10
15,792,10
15,793,10
15,794,10
15,795,10
15,796,10
15,797,10
15,798,10
15,799,10
16,800,10
16,801,10
16,802,10
16,803,10
16,804,10
16,805,10
16,806,10
16,807,10
16,808,10
16,809,10
16,810,10
16,811,10
16,812,10
16,813,10
16,814,10
16,815,10
16,816,10
16,817,10
16,818,10
16,819,10
16,820,10
16,821,10
16,822,10
16,823,10
16,824,10
16,825,10
16,826,10
16,827,10
16,828,10
16,829,10
16,830,10
16,831,10
16,832,10
16,833,10
16,834,10
16,835,10
16,836,10
16,837,10
16,838,10
16,839,10
16,840,10
16,841,10
16,842,10
16,843,10
16,844,10
16,845,10
16,846,10
16,847,10
16,848,10
16,849,10
17,850,10
17,851,10
17,852,10
17,853,10
17,854,10
17,855,10
17,856,10
17,857,10
17,858,10
17,859,10
17,860,10
17,861,10
17,862,10
17,863,10
17,864,10
17,865,10
17,866,10
17,867,10
17,868,10
17,869,10
17,870,10
17,871,10
17,872,10
17,873,10
17,874,10
17,875,10
17,876,10
17,877,10
17,878,10
17,879,10
17,880,10
17,881,10
17,882,10
17,883,10
17,884,10
17,885,10
17,886,10
17,887,10
17,888,10
17,889,10
17,890,10
17,891,10
17,892,10
17,893,10
17,894,10
17,895,10
17,896,10
17,897,10
17,898,10
17,899,10
18,900,10
18,901,10
18,902,10
18,903,10
18,904,10
18,905,10
18,906,10
18,907,10
18,908,10
18,909,10
18,910,10
18,911,10
18,912,10
18,913,10
18,914,10
18,915,10
18,916,10
18,917,10
18,918,10
18,919,10
18,920,10
18,921,10
18,922,10
18,923,10
18,924,10
18,925,10
18,926,10
18,927,10
18,928,10
18,929,10
18,930,10
18,931,10
18,932,10
18,933,10
18,934,10
18,935,10
18,936,10
18,937,10
18,938,10
18,939,10
18,940,10
18,941,10
18,942,10
18,943,10
18,944,10
18,945,10
18,946,10
18,947,10
18,948,10
18,949,10
19,950,10
19,951,10
19,952,10
19,953,10
19,954,10
19,955,10
19,956,10
19,957,10
19,958,10
19,959,10
19,960,10
19,961,10
19,962,10
19,963,10
19,964,10
19,965,10
19,966,10
19,967,10
19,968,10
19,969,10
19,970,10
19,971,10
19,972,10
19,973,10
19,974,10
19,975,10
19,976,10
19,977,10
19,978,10
19,979,10
19,980,10
19,981,10
19,982,10
19,983,10
19,984,10
19,985,10
19,986,10
19,987,10
19,988,10
19,989,10
19,990,10
19,991,10
19,992,10
19,993,10
19,994,10
19,995,10
19,996,10
19,997,10
19,998,10
19,999,10
20,1000,10
20,1001,10
20,1002,10
20,1003,10
20,1004,10
20,1005,10
20,1006,10
20,1007,10
20,1008,10
20,1009,10
20,1010,10
20,1011,10
20,1012,10
20,1013,10
20,1014,10
20,1015,10
20,1016,10
20,1017,10
20,1018,10
20,1019,10
20,1020,10
20,1021,10
20,1022,10
20,1023,10
20,1024,10
20,1025,10
20,1026,10
20,1027,10
20,1028,10
20,1029,10
20,1030,10
20,1031,10
20,1032,10
20,1033,10
20,1034,10
20,1035,10
20,1036,10
20,1037,10
20,1038,10
20,1039,10
20,1040,10
20,1041,10
20,1042,10
20,1043,10
20,1044,10
20,1045,10
20,1046,10
20,1047,10
20,1048,10
20,1049,10
21,1050,10
21,1051,10
21,1052,10
21,1053,10
21,1054,10
21,1055,10
21,1056,10
21,1057,10
21,1058,10
21,1059,10
21,1060,10
21,1061,10
21,1062,10
21,1063,10
21,1064,10
21,1065,10
21,1066,10
21,1067,10
21,1068,10
21,1069,10
21,1070,10
21,1071,10
21,1072,10
21,1073,10
21,1074,10
21,1075,10
21,1076,10
21,1077,10
21,1078,10
21,1079,10
21,1080,10
21,1081,10
21,1082,10
21,1083,10
21,1084,10
21,1085,10
21,1086,10
21,1087,10
21,1088,10
21,1089,10
21,1090,10
21,1091,10
21,1092,10
21,1093,10
21,1094,10
21,1095,10
21,1096,10
21,1097,10
21,1098,10
21,1099,10
22,1100,10
22,1101,10
22,1102,10
22,1103,10
22,1104,10
22,1105,10
22,1106,10
22,1107,10
22,1108,10
22,1109,10
22,1110,10
22,1111,10
22,1112,10
22,1113,10
22,1114,10
22,1115,10
22,1116,10
22,1117,10
22,1118,10
22,1119,10
22,1120,10
22,1121,10
22,1122,10
22,1123,10
22,1124,10
22,1125,10
22,1126,10
22,1127,10
22,1128,10
22,1129,10
22,1130,10
22,1131,10
22,1132,10
22,1133,10
22,1134,10
22,1135,10
22,1136,10
22,1137,10
22,1138,10
22,1139,10
22,1140,10
22,1141,10
22,1142,10
22,1143,10
22,1144,10
22,1145,10
22,1146,10
22,1147,10
22,1148,10
22,1149,10
23,1150,10
23,1151,10
23,1152,10
23,1153,10
23,1154,10
23,1155,10
23,1156,10
23,1157,10
23,1158,10
23,1159,10
23,1160,10
23,1161,10
23,1162,10
23,1163,10
23,1164,10
23,1165,10
23,1166,10
23,1167,10
23,1168,10
23,1169,10
23,1170,10
23,1171,10
23,1172,10
23,1173,10
23,1174,10
23,1175,10
23,1176,10
23,1177,10
23,1178,10
23,1179,10
23,1180,10
23,1181,10
23,1182,10
23,1183,10
23,1184,10
23,1185,10
23,1186,10
23,1187,10
23,1188,10
23,1189,10
23,1190,10
23,1191,10
23,1192,10
23,1193,10
23,1194,10
23,1195,10
23,1196,10
23,1197,10
23,1198,10
23,1199,10
24,1200,10
24,1201,10
24,1202,10
24,1203,10
24,1204,10
24,1205,10
24,1206,10
24,1207,10
24,1208,10
24,1209,10
24,1210,10
24,1211,10
24,1212,10
24,1213,10
24,1214,10
24,1215,10
24,1216,10
24,1217,10
24,1218,10
24,1219,10
24,1220,10
24,1221,10
24,1222,10
24,1223,10
24,1224,10
24,1225,10
24,1226,10
24,1227,10
24,1228,10
24,1229,10
24,1230,10
24,1231,10
24,1232,10
24,1233,10
24,1234,10
24,1235,10
24,1236,10
24,1237,10
24,1238,10
24,1239,10
24,1240,10
24,1241,10
24,1242,10
24,1243,10
24,1244,10
24,1245,10
24,1246,10
24,1247,10
24,1248,10
24,1249,10
25,1250,10
25,1251,10
25,1252,10
25,1253,10
25,1254,10
25,1255,10
25,1256,10
25,1257,10
25,1258,10
25,1259,10
25,1260,10
25,1261,10
25,1262,10
25,1263,10
25,1264,10
25,1265,10
25,1266,10
25,1267,10
25,1268,10
25,1269,10
25,1270,10
25,1271,10
25,1272,10
25,1273,10
25,1274,10
25,1275,10
25,1276,10
25,1277,10
25,1278,10
25,1279,10
25,1280,10
25,1281,10
25,1282,10
25,1283,10
25,1284,10
25,1285,10
25,1286,10
25,1287,10
25,1288,10
25,1289,10
25,1290,10
25,1291,10
25,1292,10
25,1293,10
25,1294,10
25,1295,10
25,1296,10
25,1297,10
25,1298,10
25,1299,10
26,1300,10
26,1301,10
26,1302,10
26,1303,10
26,1304,10
26,1305,10
26,1306,10
26,1307,10
26,1308,10
26,1309,10
26,1310,10
26,1311,10
26,1312,10
26,1313,10
26,1314,10
26,1315,10
26,1316,10
26,1317,10
26,1318,10
26,1319,10
26,1320,10
26,1321,10
26,1322,10
26,1323,10
26,1324,10
26,1325,10
26,1326,10
26,1327,10
26,1328,10
26,1329,10
26,1330,10
26,1331,10
26,1332,10
26,1333,10
26,1334,10
26,1335,10
26,1336,10
26,1337,10
26,1338,10
26,1339,10
26,1340,10
26,1341,10
26,1342,10
26,1343,10
26,1344,10
26,1345,10
26,1346,10
26,1347,10
26,1348,10
26,1349,10
27,1350,10
27,1351,10
27,1352,10
27,1353,10
27,1354,10
27,1355,10
27,1356,10
27,1357,10
27,1358,10
27,1359,10
27,1360,10
27,1361,10
27,1362,10
27,1363,10
27,1364,10
27,1365,10
27,1366,10
27,1367,10
27,1368,10
27,1369,10
27,1370,10
27,1371,10
27,1372,10
27,1373,10
27,1374,10
27,1375,10
27,1376,10
27,1377,10
27,1378,10
27,1379,10
27,1380,10
27,1381,10
27,1382,10
27,1383,10
27,1384,10
27,1385,10
27,1386,10
27,1387,10
27,1388,10
27,1389,10
27,1390,10
27,1391,10
27,1392,10
27,1393,10
27,1394,10
27,1395,10
27,1396,10
27,1397,10
27,1398,10
27,1399,10
28,1400,10
28,1401,10
28,1402,10
28,1403,10
28,1404,10
28,1405,10
28,1406,10
28,1407,10
28,1408,10
28,1409,10
28,1410,10
28,1411,10
28,1412,10
28,1413,10
28,1414,10
28,1415,10
28,1416,10
28,1417,10
28,1418,10
28,1419,10
28,1420,10
28,1421,10
28,1422,10
28,1423,10
28,1424,10
28,1425,10
28,1426,10
28,1427,10
28,1428,10
28,1429,10
28,1430,10
28,1431,10
28,1432,10
28,1433,10
28,1434,10
28,1435,10
28,1436,10
28,1437,10
28,1438,10
28,1439,10
28,1440,10
28,1441,10
28,1442,10
28,1443,10
28,1444,10
28,1445,10
28,1446,10
28,1447,10
28,1448,10
28,1449,10
29,1450,10
29,1451,10
29,1452,10
29,1453,10
29,1454,10
29,1455,10
29,1456,10
29,1457,10
29,1458,10
29,1459,10
29,1460,10
29,1461,10
29,1462,10
29,1463,10
29,1464,10
29,1465,10
29,1466,10
29,1467,10
29,1468,10
29,1469,10
29,1470,10
29,1471,10
29,1472,10
29,1473,10
29,1474,10
29,1475,10
29,1476,10
29,1477,10
29,1478,10
29,1479,10
29,1480,10
29,1481,10
29,1482,10
29,1483,10
29,1484,10
29,1485,10
29,1486,10
29,1487,10
29,1488,10
29,1489,10
29,1490,10
29,1491,10
29,1492,10
29,1493,10
29,1494,10
29,1495,10
29,1496,10
29,1497,10
29,1498,10
29,1499,10
30,1500,10
30,1501,10
30,1502,10
30,1503,10
30,1504,10
30,1505,10
30,1506,10
30,1507,10
30,1508,10
30,1509,10
30,1510,10
30,1511,10
30,1512,10
30,1513,10
30,1514,10
30,1515,10
30,1516,10
30,1517,10
30,1518,10
30,1519,10
30,1520,10
30,1521,10
30,1522,10
30,1523,10
30,1524,10
30,1525,10
30,1526,10
30,1527,10
30,1528,10
30,1529,10
30,1530,10
30,1531,10
30,1532,10
30,1533,10
30,1534,10
30,1535,10
30,1536,10
30,1537,10
30,1538,10
30,1539,10
30,1540,10
30,1541,10
30,1542,10
30,1543,10
30,1544,10
30,1545,10
30,1546,10
30,1547,10
30,1548,10
30,1549,10
31,1550,10
31,1551,10
31,1552,10
31,1553,10
31,1554,10
31,1555,10
31,1556,10
31,1557,10
31,1558,10
31,1559,10
31,1560,10
31,1561,10
31,1562,10
31,1563,10
31,1564,10
31,1565,10
31,1566,10
31,1567,10
31,1568,10
31,1569,10
31,1570,10
31,1571,10
31,1572,10
31,1573,10
31,1574,10
31,1575,10
31,1576,10
31,1577,10
31,1578,10
31,1579,10
31,1580,10
31,1581,10
31,1582,10
31,1583,10
31,1584,10
31,1585,10
31,1586,10
31,1587,10
31,1588,10
31,1589,10
31,1590,10
31,1591,10
31,1592,10
31,1593,10
31,1594,10
31,1595,10
31,1596,10
31,1597,10
31,1598,10
31,1599,10
32,1600,10
32,1601,10
32,1602,10
32,1603,10
32,1604,10
32,1605,10
32,1606,10
32,1607,10
32,1608,10
32,1609,10
32,1610,10
32,1611,10
32,1612,10
32,1613,10
32,1614,10
32,1615,10
32,1616,10
32,1617,10
32,1618,10
32,1619,10
32,1620,10
32,1621,10
32,1622,10
32,1623,10
32,1624,10
32,1625,10
32,1626,10
32,1627,10
32,1628,10
32,1629,10
32,1630,10
32,1631,10
32,1632,10
32,1633,10
32,1634,10
32,1635,10
32,1636,10
32,1637,10
32,1638,10
32,1639,10
32,1640,10
32,1641,10
32,1642,10
32,1643,10
32,1644,10
32,1645,10
32,1646,10
32,1647,10
32,1648,10
32,1649,10
33,1650,10
33,1651,10
33,1652,10
33,1653,10
33,1654,10
33,1655,10
33,1656,10
33,1657,10
33,1658,10
33,1659,10
33,1660,10
33,1661,10
33,1662,10
33,1663,10
33,1664,10
33,1665,10
33,1666,10
33,1667,10
33,1668,10
33,1669,10
33,1670,10
33,1671,10
33,1672,10
33,1673,10
33,1674,10
33,1675,10
33,1676,10
33,1677,10
33,1678,10
33,1679,10
33,1680,10
33,1681,10
33,1682,10
33,1683,10
33,1684,10
33,1685,10
33,1686,10
33,1687,10
33,1688,10
33,1689,10
33,1690,10
33,1691,10
33,1692,10
33,1693,10
33,1694,10
33,1695,10
33,1696,10
33,1697,10
33,1698,10
33,1699,10
34,1700,10
34,1701,10
34,1702,10
34,1703,10
34,1704,10
34,1705,10
34,1706,10
34,1707,10
34,1708,10
34,1709,10
34,1710,10
34,1711,10
34,1712,10
34,1713,10
34,1714,10
34,1715,10
34,1716,10
34,1717,10
34,1718,10
34,1719,10
34,1720,10
34,1721,10
34,1722,10
34,1723,10
34,1724,10
34,1725,10
34,1726,10
34,1727,10
34,1728,10
34,1729,10
34,1730,10
34,1731,10
34,1732,10
34,1733,10
34,1734,10
34,1735,10
34,1736,10
34,1737,10
34,1738,10
34,1739,10
34,1740,10
34,1741,10
34,1742,10
34,1743,10
34,1744,10
34,1745,10
34,1746,10
34,1747,10
34,1748,10
34,1749,10
35,1750,10
35,1751,10
35,1752,10
35,1753,10
35,1754,10
35,1755,10
35,1756,10
35,1757,10
35,1758,10
35,1759,10
35,1760,10
35,1761,10
35,1762,10
35,1763,10
35,1764,10
35,1765,10
35,1766,10
35,1767,10
35,1768,10
35,1769,10
35,1770,10
35,1771,10
35,1772,10
35,1773,10
35,1774,10
35,1775,10
35,1776,10
35,1777,10
35,1778,10
35,1779,10
35,1780,10
35,1781,10
35,1782,10
35,1783,10
35,1784,10
35,1785,10
35,1786,10
35,1787,10
35,1788,10
35,1789,10
35,1790,10
35,1791,10
35,1792,10
35,1793,10
35,1794,10
35,1795,10
35,1796,10
35,1797,10
35,1798,10
35,1799,10
36,1800,10
36,1801,10
36,1802,10
36,1803,10
36,1804,10
36,1805,10
36,1806,10
36,1807,10
36,1808,10
36,1809,10
36,1810,10
36,1811,10
36,1812,10
36,1813,10
36,1814,10
36,1815,10
36,1816,10
36,1817,10
36,1818,10
36,1819,10
36,1820,10
36,1821,10
36,1822,10
36,1823,10
36,1824,10
36,1825,10
36,1826,10
36,1827,10
36,1828,10
36,1829,10
36,1830,10
36,1831,10
36,1832,10
36,1833,10
36,1834,10
36,1835,10
36,1836,10
36,1837,10
36,1838,10
36,1839,10
36,1840,10
36,1841,10
36,1842,10
36,1843,10
36,1844,10
36,1845,10
36,1846,10
36,1847,10
36,1848,10
36,1849,10
37,1850,10
37,1851,10
37,1852,10
37,1853,10
37,1854,10
37,1855,10
37,1856,10
37,1857,10
37,1858,10
37,1859,10
37,1860,10
37,1861,10
37,1862,10
37,1863,10
37,1864,10
37,1865,10
37,1866,10
37,1867,10
37,1868,10
37,1869,10
37,1870,10
37,1871,10
37,1872,10
37,1873,10
37,1874,10
37,1875,10
37,1876,10
37,1877,10
37,1878,10
37,1879,10
37,1880,10
37,1881,10
37,1882,10
37,1883,10
37,1884,10
37,1885,10
37,1886,10
37,1887,10
37,1888,10
37,1889,10
37,1890,10
37,1891,10
37,1892,10
37,1893,10
37,1894,10
37,1895,10
37,1896,10
37,1897,10
37,1898,10
37,1899,10
38,1900,10
38,1901,10
38,1902,10
38,1903,10
38,1904,10
38,1905,10
38,1906,10
38,1907,10
38,1908,10
38,1909,10
38,1910,10
38,1911,10
38,1912,10
38,1913,10
38,1914,10
38,1915,10
38,1916,10
38,1917,10
38,1918,10
38,1919,10
38,1920,10
38,1921,10
38,1922,10
38,1923,10
38,1924,10
38,1925,10
38,1926,10
38,1927,10
38,1928,10
38,1929,10
38,1930,10
38,1931,10
38,1932,10
38,1933,10
38,1934,10
38,1935,10
38,1936,10
38,1937,10
38,1938,10
38,1939,10
38,1940,10
38,1941,10
38,1942,10
38,1943,10
38,1944,10
38,1945,10
38,1946,10
38,1947,10
38,1948,10
38,1949,10
39,1950,10
39,1951,10
39,1952,10
39,1953,10
39,1954,10
39,1955,10
39,1956,10
39,1957,10
39,1958,10
39,1959,10
39,1960,10
39,1961,10
39,1962,10
39,1963,10
39,1964,10
39,1965,10
39,1966,10
39,1967,10
39,1968,10
39,1969,10
39,1970,10
39,1971,10
39,1972,10
39,1973,10
39,1974,10
39,1975,10
39,1976,10
39,1977,10
39,1978,10
39,1979,10
39,1980,10
39,1981,10
39,1982,10
39,1983,10
39,1984,10
39,1985,10
39,1986,10
39,1987,10
39,1988,10
39,1989,10
39,1990,10
39,1991,10
39,1992,10
39,1993,10
39,1994,10
39,1995,10
39,1996,10
39,1997,10
39,1998,10
39,1999,10
40,2000,10
40,2001,10
40,2002,10
40,2003,10
40,2004,10
40,2005,10
40,2006,10
40,2007,10
40,2008,10
40,2009,10
40,2010,10
40,2011,10
40,2012,10
40,2013,10
40,2014,10
40,2015,10
40,2016,10
40,2017,10
40,2018,10
40,2019,10
40,2020,10
40,2021,10
40,2022,10
40,2023,10
40,2024,10
40,2025,10
40,2026,10
40,2027,10
40,2028,10
40,2029,10
40,2030,10
40,2031,10
40,2032,10
40,2033,10
40,2034,10
40,2035,10
40,2036,10
40,2037,10
40,2038,10
40,2039,10
40,2040,10
40,2041,10
40,2042,10
40,2043,10
40,2044,10
40,2045,10
40,2046,10
40,2047,10
40,2048,10
40,2049,10
41,2050,10
41,2051,10
41,2052,10
41,2053,10
41,2054,10
41,2055,10
41,2056,10
41,2057,10
41,2058,10
41,2059,10
41,2060,10
41,2061,10
41,2062,10
41,2063,10
41,2064,10
41,2065,10
41,2066,10
41,2067,10
41,2068,10
41,2069,10
41,2070,10
41,2071,10
41,2072,10
41,2073,10
41,2074,10
41,2075,10
41,2076,10
41,2077,10
41,2078,10
41,2079,10
41,2080,10
41,2081,10
41,2082,10
41,2083,10
41,2084,10
41,2085,10
41,2086,10
41,2087,10
41,2088,10
41,2089,10
41,2090,10
41,2091,10
41,2092,10
41,2093,10
41,2094,10
41,2095,10
41,2096,10
41,2097,10
41,2098,10
41,2099,10
42,2100,10
42,2101,10
42,2102,10
42,2103,10
42,2104,10
42,2105,10
42,2106,10
42,2107,10
42,2108,10
42,2109,10
42,2110,10
42,2111,10
42,2112,10
42,2113,10
42,2114,10
42,2115,10
42,2116,10
42,2117,10
42,2118,10
42,2119,10
42,2120,10
42,2121,10
42,2122,10
42,2123,10
42,2124,10
42,2125,10
42,2126,10
42,2127,10
42,2128,10
42,2129,10
42,2130,10
42,2131,10
42,2132,10
42,2133,10
42,2134,10
42,2135,10
42,2136,10
42,2137,10
42,2138,10
42,2139,10
42,2140,10
42,2141,10
42,2142,10
42,2143,10
42,2144,10
42,2145,10
42,2146,10
42,2147,10
42,2148,10
42,2149,10
43,2150,10
43,2151,10
43,2152,10
43,2153,10
43,2154,10
43,2155,10
43,2156,10
43,2157,10
43,2158,10
43,2159,10
43,2160,10
43,2161,10
43,2162,10
43,2163,10
43,2164,10
43,2165,10
43,2166,10
43,2167,10
43,2168,10
43,2169,10
43,2170,10
43,2171,10
43,2172,10
43,2173,10
43,2174,10
43,2175,10
43,2176,10
43,2177,10
43,2178,10
43,2179,10
43,2180,10
43,2181,10
43,2182,10
43,2183,10
43,2184,10
43,2185,10
43,2186,10
43,2187,10
43,2188,10
43,2189,10
43,2190,10
43,2191,10
43,2192,10
43,2193,10
43,2194,10
43,2195,10
43,2196,10
43,2197,10
43,2198,10
43,2199,10
44,2200,10
44,2201,10
44,2202,10
44,2203,10
44,2204,10
44,2205,10
44,2206,10
44,2207,10
44,2208,10
44,2209,10
44,2210,10
44,2211,10
44,2212,10
44,2213,10
44,2214,10
44,2215,10
44,2216,10
44,2217,10
44,2218,10
44,2219,10
44,2220,10
44,2221,10
44,2222,10
44,2223,10
44,2224,10
44,2225,10
44,2226,10
44,2227,10
44,2228,10
44,2229,10
44,2230,10
44,2231,10
44,2232,10
44,2233,10
44,2234,10
44,2235,10
44,2236,10
44,2237,10
44,2238,10
44,2239,10
44,2240,10
44,2241,10
44,2242,10
44,2243,10
44,2244,10
44,2245,10
44,2246,10
44,2247,10
44,2248,10
44,2249,10
45,2250,10
45,2251,10
45,2252,10
45,2253,10
45,2254,10
45,2255,10
45,2256,10
45,2257,10
45,2258,10
45,2259,10
45,2260,10
45,2261,10
45,2262,10
45,2263,10
45,2264,10
45,2265,10
45,2266,10
45,2267,10
45,2268,10
45,2269,10
45,2270,10
45,2271,10
45,2272,10
45,2273,10
45,2274,10
45,2275,10
45,2276,10
45,2277,10
45,2278,10
45,2279,10
45,2280,10
45,2281,10
45,2282,10
45,2283,10
45,2284,10
45,2285,10
45,2286,10
45,2287,10
45,2288,10
45,2289,10
45,2290,10
45,2291,10
45,2292,10
45,2293,10
45,2294,10
45,2295,10
45,2296,10
45,2297,10
45,2298,10
45,2299,10
46,2300,10
46,2301,10
46,2302,10
46,2303,10
46,2304,10
46,2305,10
46,2306,10
46,2307,10
46,2308,10
46,2309,10
46,2310,10
46,2311,10
46,2312,10
46,2313,10
46,2314,10
46,2315,10
46,2316,10
46,2317,10
46,2318,10
46,2319,10
46,2320,10
46,2321,10
46,2322,10
46,2323,10
46,2324,10
46,2325,10
46,2326,10
46,2327,10
46,2328,10
46,2329,10
46,2330,10
46,2331,10
46,2332,10
46,2333,10
46,2334,10
46,2335,10
46,2336,10
46,2337,10
46,2338,10
46,2339,10
46,2340,10
46,2341,10
46,2342,10
46,2343,10
46,2344,10
46,2345,10
46,2346,10
46,2347,10
46,2348,10
46,2349,10
47,2350,10
47,2351,10
47,2352,10
47,2353,10
47,2354,10
47,2355,10
47,2356,10
47,2357,10
47,2358,10
47,2359,10
47,2360,10
47,2361,10
47,2362,10
47,2363,10
47,2364,10
47,2365,10
47,2366,10
47,2367,10
47,2368,10
47,2369,10
47,2370,10
47,2371,10
47,2372,10
47,2373,10
47,2374,10
47,2375,10
47,2376,10
47,2377,10
47,2378,10
47,2379,10
47,2380,10
47,2381,10
47,2382,10
47,2383,10
47,2384,10
47,2385,10
47,2386,10
47,2387,10
47,2388,10
47,2389,10
47,2390,10
47,2391,10
47,2392,10
47,2393,10
47,2394,10
47,2395,10
47,2396,10
47,2397,10
47,2398,10
47,2399,10
48,2400,10
48,2401,10
48,2402,10
48,2403,10
48,2404,10
48,2405,10
48,2406,10
48,2407,10
48,2408,10
48,2409,10
48,2410,10
48,2411,10
48,2412,10
48,2413,10
48,2414,10
48,2415,10
48,2416,10
48,2417,10
48,2418,10
48,2419,10
48,2420,10
48,2421,10
48,2422,10
48,2423,10
48,2424,10
48,2425,10
48,2426,10
48,2427,10
48,2428,10
48,2429,10
48,2430,10
48,2431,10
48,2432,10
48,2433,10
48,2434,10
48,2435,10
48,2436,10
48,2437,10
48,2438,10
48,2439,10
48,2440,10
48,2441,10
48,2442,10
48,2443,10
48,2444,10
48,2445,10
48,2446,10
48,2447,10
48,2448,10
48,2449,10
49,2450,10
49,2451,10
49,2452,10
49,2453,10
49,2454,10
49,2455,10
49,2456,10
49,2457,10
49,2458,10
49,2459,10
49,2460,10
49,2461,10
49,2462,10
49,2463,10
49,2464,10
49,2465,10
49,2466,10
49,2467,10
49,2468,10
49,2469,10
49,2470,10
49,2471,10
49,2472,10
49,2473,10
49,2474,10
49,2475,10
49,2476,10
49,2477,10
49,2478,10
49,2479,10
49,2480,10
49,2481,10
49,2482,10
49,2483,10
49,2484,10
49,2485,10
49,2486,10
49,2487,10
49,2488,10
49,2489,10
49,2490,10
49,2491,10
49,2492,10
49,2493,10
49,2494,10
49,2495,10
49,2496,10
49,2497,10
49,2498,10
49,2499,10
50,2500,10
50,2501,10
50,2502,10
50,2503,10
50,2504,10
50,2505,10
50,2506,10
50,2507,10
50,2508,10
50,2509,10
50,2510,10
50,2511,10
50,2512,10
50,2513,10
50,2514,10
50,2515,10
50,2516,10
50,2517,10
50,2518,10
50,2519,10
50,2520,10
50,2521,10
50,2522,10
50,2523,10
50,2524,10
50,2525,10
50,2526,10
50,2527,10
50,2528,10
50,2529,10
50,2530,10
50,2531,10
50,2532,10
50,2533,10
50,2534,10
50,2535,10
50,2536,10
50,2537,10
50,2538,10
50,2539,10
50,2540,10
50,2541,10
50,2542,10
50,2543,10
50,2544,10
50,2545,10
50,2546,10
50,2547,10
50,2548,10
50,2549,10
