source,target,weight
1,3,10
1,24,10
1,47,10
1,11,10
1,45,10
1,18,10
1,30,10
1,8,10
1,43,10
1,21,10
1,15,10
1,44,10
1,35,10
1,31,10
1,23,10
1,40,10
1,38,10
1,22,10
1,17,10
1,46,10
1,26,10
1,33,10
1,25,10
1,10,10
1,36,10
1,9,10
1,6,10
1,39,10
1,29,10
1,4,10
2,32,10
2,26,10
2,10,10
2,39,10
2,49,10
2,8,10
2,31,10
2,40,10
2,18,10
2,11,10
2,13,10
2,17,10
2,36,10
2,33,10
2,28,10
2,50,10
2,37,10
2,41,10
2,34,10
2,27,10
2,6,10
2,38,10
2,47,10
2,4,10
2,5,10
2,20,10
2,7,10
2,21,10
2,43,10
2,9,10
2,23,10
3,18,10
3,35,10
3,20,10
3,7,10
3,40,10
3,5,10
3,2,10
3,46,10
3,27,10
3,43,10
3,48,10
3,31,10
3,36,10
3,30,10
3,29,10
3,12,10
3,45,10
3,37,10
3,16,10
3,22,10
3,42,10
3,17,10
3,8,10
3,23,10
3,9,10
3,6,10
3,44,10
3,25,10
3,38,10
3,28,10
3,26,10
3,11,10
3,32,10
4,40,10
4,37,10
4,20,10
4,34,10
4,46,10
4,19,10
4,13,10
4,27,10
4,44,10
4,7,10
4,43,10
4,10,10
4,49,10
4,23,10
4,24,10
4,28,10
4,50,10
4,30,10
4,35,10
4,32,10
4,11,10
4,39,10
4,8,10
4,36,10
4,21,10
4,9,10
4,14,10
4,29,10
4,42,10
4,18,10
4,16,10
4,2,10
4,1,10
4,48,10
4,6,10
4,38,10
5,31,10
5,9,10
5,40,10
5,43,10
5,11,10
5,21,10
5,41,10
5,33,10
5,37,10
5,32,10
5,22,10
5,36,10
5,46,10
5,1,10
5,47,10
5,12,10
5,2,10
5,10,10
5,29,10
5,16,10
5,24,10
5,44,10
5,4,10
5,30,10
5,18,10
5,50,10
5,8,10
5,3,10
5,48,10
5,17,10
5,6,10
6,28,10
6,31,10
6,15,10
6,35,10
6,25,10
6,41,10
6,27,10
6,45,10
6,36,10
6,46,10
6,33,10
6,20,10
6,47,10
6,18,10
6,12,10
6,39,10
6,43,10
6,21,10
6,22,10
6,42,10
6,4,10
6,5,10
6,44,10
6,29,10
6,1,10
6,30,10
6,26,10
6,32,10
6,40,10
6,17,10
6,24,10
6,38,10
6,13,10
6,10,10
7,5,10
7,39,10
7,44,10
7,31,10
7,37,10
7,4,10
7,21,10
7,47,10
7,50,10
7,27,10
7,48,10
7,23,10
7,1,10
7,9,10
7,42,10
7,25,10
7,33,10
7,38,10
7,12,10
7,29,10
7,13,10
7,24,10
7,6,10
7,2,10
7,43,10
7,36,10
7,18,10
7,15,10
8,33,10
8,16,10
8,35,10
8,2,10
8,29,10
8,21,10
8,12,10
8,34,10
8,6,10
8,20,10
8,1,10
8,43,10
8,3,10
8,5,10
8,23,10
8,28,10
8,14,10
8,25,10
8,15,10
8,10,10
8,49,10
8,7,10
8,50,10
8,19,10
8,30,10
8,4,10
8,42,10
8,27,10
8,26,10
8,13,10
8,31,10
9,40,10
9,23,10
9,36,10
9,11,10
9,10,10
9,43,10
9,48,10
9,29,10
9,1,10
9,17,10
9,37,10
9,2,10
9,12,10
9,32,10
9,3,10
9,28,10
9,19,10
9,45,10
9,31,10
9,7,10
9,49,10
9,30,10
9,33,10
9,13,10
9,42,10
9,22,10
9,44,10
9,34,10
9,15,10
9,46,10
9,21,10
9,41,10
10,6,10
10,18,10
10,1,10
10,30,10
10,43,10
10,24,10
10,48,10
10,2,10
10,47,10
10,22,10
10,49,10
10,26,10
10,50,10
10,17,10
10,35,10
10,37,10
10,44,10
10,19,10
10,27,10
10,39,10
10,45,10
10,25,10
10,46,10
10,23,10
10,4,10
10,29,10
10,21,10
10,14,10
10,15,10
10,7,10
10,11,10
10,20,10
11,7,10
11,27,10
11,8,10
11,46,10
11,6,10
11,25,10
11,24,10
11,17,10
11,3,10
11,4,10
11,29,10
11,33,10
11,47,10
11,34,10
11,32,10
11,2,10
11,5,10
11,16,10
11,23,10
11,1,10
11,40,10
11,26,10
11,20,10
11,30,10
11,31,10
11,37,10
11,43,10
11,14,10
11,10,10
11,21,10
11,19,10
12,46,10
12,14,10
12,32,10
12,8,10
12,23,10
12,35,10
12,38,10
12,47,10
12,49,10
12,25,10
12,48,10
12,39,10
12,30,10
12,31,10
12,26,10
12,15,10
12,9,10
12,27,10
12,6,10
12,20,10
12,19,10
12,5,10
12,21,10
12,24,10
12,4,10
12,37,10
12,22,10
12,17,10
12,29,10
12,11,10
12,41,10
12,2,10
13,20,10
13,49,10
13,15,10
13,10,10
13,35,10
13,48,10
13,21,10
13,41,10
13,19,10
13,18,10
13,7,10
13,12,10
13,26,10
13,3,10
13,47,10
13,31,10
13,16,10
13,28,10
13,42,10
13,30,10
13,2,10
13,29,10
13,39,10
13,37,10
13,22,10
13,44,10
13,9,10
13,38,10
13,23,10
14,37,10
14,1,10
14,10,10
14,42,10
14,24,10
14,2,10
14,22,10
14,27,10
14,15,10
14,23,10
14,38,10
14,17,10
14,5,10
14,45,10
14,39,10
14,11,10
14,32,10
14,30,10
14,18,10
14,16,10
14,44,10
14,26,10
14,50,10
14,31,10
14,40,10
14,28,10
14,3,10
14,4,10
14,34,10
14,33,10
14,25,10
15,47,10
15,41,10
15,34,10
15,30,10
15,22,10
15,10,10
15,42,10
15,26,10
15,18,10
15,40,10
15,5,10
15,9,10
15,28,10
15,16,10
15,46,10
15,11,10
15,38,10
15,27,10
15,44,10
15,48,10
15,36,10
15,32,10
15,17,10
15,7,10
15,45,10
15,31,10
15,37,10
15,6,10
15,2,10
15,4,10
15,35,10
15,49,10
15,8,10
15,50,10
15,43,10
15,29,10
16,24,10
16,2,10
16,38,10
16,4,10
16,12,10
16,22,10
16,11,10
16,13,10
16,5,10
16,46,10
16,9,10
16,7,10
16,37,10
16,39,10
16,21,10
16,36,10
16,43,10
16,27,10
16,42,10
16,17,10
16,45,10
16,34,10
16,25,10
16,23,10
16,29,10
16,26,10
16,31,10
16,18,10
16,30,10
16,35,10
16,8,10
16,33,10
16,1,10
17,25,10
17,3,10
17,45,10
17,15,10
17,44,10
17,49,10
17,12,10
17,29,10
17,50,10
17,37,10
17,24,10
17,1,10
17,47,10
17,7,10
17,33,10
17,46,10
17,22,10
17,26,10
17,6,10
17,30,10
17,14,10
17,48,10
17,34,10
17,38,10
17,9,10
17,4,10
17,18,10
17,5,10
17,36,10
17,27,10
18,32,10
18,23,10
18,37,10
18,4,10
18,3,10
18,26,10
18,43,10
18,19,10
18,30,10
18,24,10
18,1,10
18,33,10
18,22,10
18,46,10
18,35,10
18,20,10
18,6,10
18,50,10
18,42,10
18,47,10
18,14,10
18,21,10
18,12,10
18,39,10
18,11,10
18,41,10
18,9,10
18,7,10
18,13,10
18,31,10
18,10,10
19,35,10
19,1,10
19,48,10
19,14,10
19,29,10
19,49,10
19,36,10
19,39,10
19,22,10
19,38,10
19,11,10
19,37,10
19,12,10
19,26,10
19,30,10
19,42,10
19,8,10
19,3,10
19,31,10
19,50,10
19,46,10
19,15,10
19,9,10
19,25,10
19,21,10
19,7,10
19,43,10
19,18,10
19,2,10
20,32,10
20,30,10
20,5,10
20,29,10
20,43,10
20,39,10
20,49,10
20,3,10
20,41,10
20,26,10
20,34,10
20,2,10
20,37,10
20,38,10
20,10,10
20,27,10
20,17,10
20,13,10
20,12,10
20,19,10
20,42,10
20,6,10
20,40,10
20,23,10
20,45,10
20,15,10
20,14,10
20,33,10
21,15,10
21,18,10
21,23,10
21,24,10
21,1,10
21,31,10
21,5,10
21,29,10
21,46,10
21,37,10
21,7,10
21,41,10
21,30,10
21,43,10
21,40,10
21,26,10
21,11,10
21,39,10
21,33,10
21,22,10
21,50,10
21,25,10
21,49,10
21,3,10
21,16,10
21,4,10
21,6,10
21,28,10
22,44,10
22,27,10
22,43,10
22,21,10
22,46,10
22,25,10
22,28,10
22,11,10
22,19,10
22,32,10
22,50,10
22,39,10
22,29,10
22,30,10
22,35,10
22,33,10
22,16,10
22,8,10
22,47,10
22,26,10
22,34,10
22,6,10
22,38,10
22,5,10
22,12,10
22,24,10
22,37,10
22,9,10
22,49,10
22,14,10
23,10,10
23,17,10
23,39,10
23,35,10
23,49,10
23,1,10
23,36,10
23,40,10
23,6,10
23,21,10
23,50,10
23,26,10
23,20,10
23,32,10
23,33,10
23,27,10
23,4,10
23,44,10
23,47,10
23,38,10
23,18,10
23,13,10
23,34,10
23,12,10
23,3,10
23,9,10
23,16,10
23,30,10
23,19,10
23,28,10
23,11,10
23,25,10
23,48,10
24,12,10
24,23,10
24,5,10
24,44,10
24,13,10
24,30,10
24,22,10
24,4,10
24,15,10
24,48,10
24,37,10
24,43,10
24,19,10
24,7,10
24,9,10
24,45,10
24,47,10
24,49,10
24,18,10
24,34,10
24,6,10
24,2,10
24,46,10
24,3,10
24,31,10
24,1,10
24,28,10
24,26,10
24,42,10
24,50,10
24,11,10
24,29,10
24,20,10
24,36,10
24,10,10
24,27,10
25,21,10
25,26,10
25,4,10
25,47,10
25,45,10
25,7,10
25,49,10
25,20,10
25,50,10
25,30,10
25,43,10
25,22,10
25,41,10
25,2,10
25,11,10
25,18,10
25,29,10
25,19,10
25,16,10
25,48,10
25,34,10
25,3,10
25,46,10
25,39,10
25,15,10
25,27,10
25,23,10
25,36,10
25,12,10
26,47,10
26,46,10
26,48,10
26,25,10
26,17,10
26,45,10
26,3,10
26,44,10
26,30,10
26,19,10
26,8,10
26,11,10
26,24,10
26,6,10
26,9,10
26,4,10
26,14,10
26,33,10
26,13,10
26,1,10
26,28,10
26,38,10
26,43,10
26,34,10
26,5,10
26,39,10
26,32,10
26,35,10
26,21,10
26,31,10
26,37,10
26,22,10
27,23,10
27,19,10
27,8,10
27,40,10
27,37,10
27,42,10
27,36,10
27,39,10
27,49,10
27,50,10
27,32,10
27,34,10
27,44,10
27,46,10
27,24,10
27,21,10
27,26,10
27,47,10
27,10,10
27,25,10
27,18,10
27,5,10
27,3,10
27,29,10
27,45,10
28,6,10
28,30,10
28,41,10
28,12,10
28,2,10
28,9,10
28,4,10
28,24,10
28,8,10
28,29,10
28,36,10
28,13,10
28,10,10
28,40,10
28,32,10
28,19,10
28,11,10
28,38,10
28,1,10
28,44,10
28,14,10
28,16,10
28,25,10
28,50,10
28,49,10
28,17,10
28,27,10
28,18,10
28,15,10
28,5,10
28,35,10
29,45,10
29,31,10
29,5,10
29,13,10
29,40,10
29,18,10
29,8,10
29,17,10
29,47,10
29,20,10
29,7,10
29,2,10
29,36,10
29,23,10
29,6,10
29,21,10
29,50,10
29,38,10
29,16,10
29,24,10
29,26,10
29,42,10
29,1,10
29,49,10
29,9,10
29,33,10
30,7,10
30,16,10
30,40,10
30,41,10
30,48,10
30,33,10
30,9,10
30,36,10
30,11,10
30,45,10
30,3,10
30,10,10
30,25,10
30,39,10
30,19,10
30,4,10
30,42,10
30,26,10
30,44,10
30,6,10
30,5,10
30,8,10
30,29,10
30,13,10
30,43,10
31,14,10
31,48,10
31,37,10
31,16,10
31,23,10
31,17,10
31,22,10
31,33,10
31,38,10
31,28,10
31,19,10
31,49,10
31,10,10
31,47,10
31,9,10
31,44,10
31,41,10
31,18,10
31,46,10
31,27,10
31,30,10
31,11,10
31,7,10
31,13,10
31,24,10
31,21,10
31,45,10
31,20,10
31,29,10
31,40,10
31,26,10
31,4,10
31,25,10
31,12,10
31,35,10
31,2,10
32,7,10
32,44,10
32,8,10
32,1,10
32,50,10
32,15,10
32,27,10
32,25,10
32,49,10
32,12,10
32,43,10
32,38,10
32,23,10
32,11,10
32,21,10
32,26,10
32,45,10
32,39,10
32,47,10
32,9,10
32,48,10
32,5,10
32,37,10
32,20,10
32,33,10
32,16,10
32,2,10
32,29,10
32,4,10
32,35,10
32,14,10
32,13,10
32,31,10
32,28,10
33,4,10
33,22,10
33,27,10
33,21,10
33,15,10
33,38,10
33,12,10
33,34,10
33,23,10
33,8,10
33,3,10
33,1,10
33,44,10
33,42,10
33,17,10
33,29,10
33,36,10
33,20,10
33,50,10
33,24,10
33,41,10
33,19,10
33,37,10
33,43,10
33,10,10
33,14,10
33,49,10
33,13,10
34,18,10
34,12,10
34,36,10
34,10,10
34,28,10
34,25,10
34,41,10
34,3,10
34,21,10
34,31,10
34,16,10
34,47,10
34,13,10
34,24,10
34,44,10
34,46,10
34,4,10
34,32,10
34,33,10
34,48,10
34,11,10
34,43,10
34,8,10
34,23,10
34,39,10
34,17,10
34,5,10
34,49,10
34,38,10
35,41,10
35,15,10
35,18,10
35,13,10
35,49,10
35,12,10
35,45,10
35,34,10
35,1,10
35,37,10
35,17,10
35,43,10
35,21,10
35,48,10
35,28,10
35,3,10
35,19,10
35,22,10
35,11,10
35,2,10
35,46,10
35,4,10
35,23,10
35,6,10
35,33,10
35,24,10
35,44,10
35,25,10
35,29,10
35,40,10
35,26,10
35,5,10
36,44,10
36,9,10
36,34,10
36,21,10
36,14,10
36,40,10
36,20,10
36,16,10
36,37,10
36,42,10
36,18,10
36,41,10
36,10,10
36,49,10
36,25,10
36,28,10
36,29,10
36,38,10
36,12,10
36,3,10
36,24,10
36,32,10
36,33,10
36,50,10
36,39,10
36,27,10
36,13,10
36,48,10
36,19,10
37,34,10
37,21,10
37,6,10
37,3,10
37,23,10
37,28,10
37,20,10
37,13,10
37,4,10
37,27,10
37,47,10
37,7,10
37,8,10
37,45,10
37,10,10
37,15,10
37,2,10
37,41,10
37,44,10
37,31,10
37,9,10
37,17,10
37,19,10
37,40,10
37,42,10
37,18,10
38,26,10
38,37,10
38,43,10
38,28,10
38,49,10
38,18,10
38,42,10
38,14,10
38,32,10
38,1,10
38,16,10
38,48,10
38,13,10
38,9,10
38,4,10
38,25,10
38,7,10
38,50,10
38,44,10
38,31,10
38,6,10
38,11,10
38,41,10
38,3,10
38,5,10
38,21,10
38,22,10
38,30,10
38,35,10
38,39,10
38,12,10
38,29,10
39,6,10
39,8,10
39,45,10
39,19,10
39,47,10
39,26,10
39,25,10
39,31,10
39,24,10
39,38,10
39,49,10
39,13,10
39,9,10
39,10,10
39,2,10
39,41,10
39,37,10
39,33,10
39,40,10
39,15,10
39,12,10
39,27,10
39,44,10
39,42,10
39,28,10
39,14,10
39,35,10
39,23,10
39,34,10
40,44,10
40,36,10
40,41,10
40,39,10
40,32,10
40,9,10
40,6,10
40,37,10
40,2,10
40,23,10
40,29,10
40,5,10
40,24,10
40,14,10
40,35,10
40,22,10
40,8,10
40,18,10
40,1,10
40,50,10
40,27,10
40,21,10
40,26,10
40,3,10
40,7,10
40,46,10
40,15,10
40,13,10
40,43,10
40,45,10
41,43,10
41,28,10
41,11,10
41,24,10
41,6,10
41,47,10
41,7,10
41,16,10
41,33,10
41,25,10
41,5,10
41,44,10
41,30,10
41,31,10
41,9,10
41,17,10
41,37,10
41,49,10
41,50,10
41,2,10
41,1,10
41,42,10
41,36,10
41,13,10
41,29,10
41,23,10
41,40,10
41,35,10
41,10,10
41,22,10
41,48,10
41,14,10
42,14,10
42,19,10
42,10,10
42,37,10
42,28,10
42,16,10
42,35,10
42,21,10
42,25,10
42,13,10
42,33,10
42,9,10
42,20,10
42,36,10
42,32,10
42,1,10
42,7,10
42,47,10
42,4,10
42,18,10
42,43,10
42,5,10
42,38,10
42,30,10
42,26,10
42,17,10
42,45,10
43,30,10
43,1,10
43,42,10
43,7,10
43,19,10
43,11,10
43,16,10
43,9,10
43,45,10
43,23,10
43,25,10
43,37,10
43,14,10
43,41,10
43,22,10
43,27,10
43,32,10
43,39,10
43,6,10
43,12,10
43,4,10
43,10,10
43,24,10
43,8,10
43,20,10
43,29,10
43,36,10
43,18,10
43,31,10
43,50,10
43,17,10
44,19,10
44,28,10
44,32,10
44,36,10
44,8,10
44,41,10
44,16,10
44,4,10
44,31,10
44,22,10
44,26,10
44,7,10
44,15,10
44,29,10
44,49,10
44,3,10
44,45,10
44,24,10
44,33,10
44,40,10
44,17,10
44,9,10
44,20,10
44,38,10
44,10,10
44,47,10
44,39,10
45,39,10
45,3,10
45,31,10
45,48,10
45,42,10
45,13,10
45,34,10
45,21,10
45,37,10
45,8,10
45,38,10
45,29,10
45,25,10
45,28,10
45,33,10
45,12,10
45,30,10
45,22,10
45,47,10
45,7,10
45,20,10
45,2,10
45,44,10
45,41,10
45,43,10
45,35,10
45,1,10
45,6,10
45,40,10
45,49,10
46,15,10
46,25,10
46,47,10
46,40,10
46,26,10
46,33,10
46,10,10
46,18,10
46,11,10
46,50,10
46,28,10
46,34,10
46,48,10
46,5,10
46,17,10
46,44,10
46,36,10
46,1,10
46,9,10
46,16,10
46,19,10
46,29,10
46,41,10
46,6,10
46,42,10
46,22,10
46,14,10
46,43,10
46,4,10
46,38,10
46,21,10
46,20,10
46,39,10
46,24,10
47,1,10
47,10,10
47,25,10
47,17,10
47,20,10
47,49,10
47,19,10
47,38,10
47,14,10
47,42,10
47,18,10
47,11,10
47,26,10
47,4,10
47,2,10
47,22,10
47,3,10
47,30,10
47,9,10
47,13,10
47,39,10
47,45,10
47,36,10
47,12,10
47,46,10
47,29,10
47,33,10
47,16,10
48,42,10
48,18,10
48,28,10
48,6,10
48,39,10
48,25,10
48,49,10
48,10,10
48,26,10
48,15,10
48,12,10
48,23,10
48,3,10
48,37,10
48,40,10
48,7,10
48,11,10
48,33,10
48,47,10
48,45,10
48,36,10
48,14,10
48,19,10
48,46,10
48,41,10
48,44,10
48,17,10
48,35,10
48,13,10
48,32,10
48,30,10
48,31,10
49,39,10
49,46,10
49,41,10
49,35,10
49,32,10
49,11,10
49,7,10
49,10,10
49,26,10
49,13,10
49,50,10
49,2,10
49,14,10
49,40,10
49,28,10
49,16,10
49,33,10
49,31,10
49,18,10
49,24,10
49,38,10
49,36,10
49,8,10
49,21,10
49,6,10
49,15,10
49,4,10
49,29,10
49,19,10
49,23,10
50,14,10
50,36,10
50,7,10
50,10,10
50,46,10
50,1,10
50,21,10
50,27,10
50,40,10
50,5,10
50,12,10
50,44,10
50,31,10
50,41,10
50,16,10
50,48,10
50,45,10
50,38,10
50,42,10
50,24,10
50,6,10
50,23,10
50,37,10
50,32,10
50,33,10
50,2,10
50,47,10
50,43,10
50,34,10
50,25,10
